29.529193
33.489563
34.127100
40.424793
40.532772
59.904944
69.005706
82.347471
91.748241
104.289494
123.197805
123.670087
128.952344
140.358656
154.752981
165.039148
177.919738
185.716416
186.778541
197.148236
207.694607
215.887052
218.658512
235.814112
238.262485
249.557469
250.950029
252.967715
283.651275
291.536450
292.371878
292.421011
317.232103
317.529114
330.046668
335.021376
350.261975
368.318224
377.934867
383.587251
406.812404
417.299112
420.339239
440.565337
444.787879
448.932970
450.722661
462.782420
483.120383
484.338690
505.415811
518.998885
521.897930
548.112178
550.199756
553.894145
560.962154
588.688927
590.467353
599.648499
623.125220
632.680629
638.044864
647.063917
657.984743
669.766253
675.021505
677.846129
693.028481
716.154061
717.890480
728.067353
756.301413
759.727788
762.845974
766.172944
795.420241
797.670805
800.839190
833.354432
833.731302
836.047154
842.580883
843.093036
867.552780
870.056583
872.968365
884.166542
902.196202
911.147023
925.909938
935.712784
949.259306
966.614017
970.009030
986.729369
997.568271
1004.767795
1007.451153
1023.436923
1037.477427
1038.554075
1039.257200
1044.884842
1046.877176
1050.222311
1060.948462
1072.954157
1086.577310
1087.346036
1097.673022
1107.726884
1126.660917
1126.827822
1134.157131
1142.748480
1165.154699
1168.903693
1176.973490
1196.532488
1204.372420
1204.773430
1210.336023
1239.606452
1242.879785
1243.988467
1270.754794
1274.783138
1276.851746
1281.647380
1292.803203
1296.276900
1308.580646
1309.968974
1319.237487
1342.999119
1343.106990
1356.929720
1375.952710
1375.968353
1376.790859
1391.052007
1393.988894
1405.553748
1408.037895
1409.962166
1422.397871
1431.045845
1440.232194
1442.541470
1450.010033
1466.952091
1472.366313
1475.324375
1503.406135
1504.093976
1507.715931
1535.896124
1539.071610
1540.569987
1566.341658
1571.188891
1577.620723
1596.610303
1602.996285
1614.858434
1627.000525
1635.167406
1652.839606
1657.305711
1666.239841
1687.353237
1690.511824
1697.323579
1716.921797
1728.344362
1728.885699
1733.758871
1745.697699
1746.115354
1759.799613
1767.087068
1774.495735
1790.798481
1802.946751
1805.359261
1822.113399
1824.777543
1831.422326
1843.812190
1853.433460
1858.950717
1874.596651
1883.444786
1883.536084
1884.321549
1885.866507
1912.283118
1915.067738
1922.493057
1939.341959
1946.082668
1961.886676
1966.594765
1978.697307
1993.612488
2002.413227
2011.396293
2019.944319
2040.738945
2042.955876
2043.700869
2046.140020
2072.103232
2076.047733
2083.971030
2096.309664
2097.086671
2108.821573
2109.243898
2114.973801
2123.590260
2124.895449
2141.306784
2141.445696
2146.761793
2149.444897
2167.340133
2174.218412
2174.901416
2198.944683
2208.825710
2209.569676
2215.971448
2223.866532
2233.296022
2242.455649
2248.796090
2252.189617
2255.738531
2269.315951
2273.658121
2277.109141
2293.547373
2298.476608
2312.514738
2323.986234
2336.822679
2347.147051
2349.476899
2354.153907
2364.866823
2374.099942
2379.540749
2382.977403
2398.968845
2412.518768
2418.247853
2422.791721
2424.254294
2449.617613
2453.701733
2465.721643
2470.516361
2475.180409
2490.163610
2500.163033
2508.814482
2523.708535
2525.780962
2527.035643
2551.582289
2552.144209
2565.222387
2577.054018
2594.899034
2602.906223
2604.204673
2629.772640
2637.484170
2640.303140
2656.521858
2677.429903
2679.436693
2683.582004
2710.256981
2715.870355
2722.325202
2733.203567
2737.630751
2753.772896
2765.612522
2765.955801
2792.701333
2793.074969
2807.466500
2820.601328
2831.758137
2848.510168
2848.872179
2866.132405
2870.441046
2876.724963
2876.882599
2890.181310
2906.045458
2909.116821
2930.652028
2935.539794
2948.422413
2965.758336
2971.590756
2987.951213
2995.356433
3011.715538
3025.320966
3026.183080
3042.031246
3051.690411
3055.243384
3060.961266
3065.542133
3084.543964
3090.817138
3101.734264
3104.227915
3115.005161
3130.429462
3143.069411
3146.761082
3168.885107
3177.476781
3181.136318
3207.135356
3208.839609
3219.453895
3241.556461
3244.776753
3257.977361
3274.458576
3283.000631
3290.424420
3295.293353
3306.068394
3321.554128
3332.410052
3338.975418
3358.936789
3369.962566
3371.628923
3376.201557
3395.603229
3404.982299
3407.357931
3433.488644
3438.031387
3443.275304
3454.819296
3470.368081
3471.982332
3479.422053
3506.456894
3506.529750
3515.238912
3540.671197
3544.840067
3550.292031
3575.488571
3582.203937
3584.935817
3610.298696
3619.618739
3620.550765
3645.935521
3654.867762
3656.894316
3677.328055
3680.744967
3688.891724
3694.998979
3714.986208
3722.043171
3725.458290
3728.225240
3733.399154
3750.228480
3756.247693
3770.581509
3785.087633
3790.040658
3808.595757
3820.025839
3822.156344
3833.871849
3846.350609
3854.303204
3855.205461
3883.240247
3885.491604
3887.120343
3889.428122
3890.232474
3918.140061
3923.346519
3924.505375
3928.340740
3950.173357
3959.773330
3962.778558
3967.846957
3982.041653
3987.394625
3994.305351
4001.012655
4002.993269
4013.289576
4029.133622
4042.764006
4044.454357
4063.896414
4074.791390
4082.984541
4097.846689
4105.757043
4124.031528
4132.241022
4136.942941
4164.820348
4167.095013
4167.770784
4179.752204
4198.903672
4200.776816
4206.826303
4230.323957
4234.561869
4249.055468
4261.138536
4267.738143
4291.924827
4293.798164
4301.092458
4310.362533
4322.264302
4324.281778
4324.814672
4326.212823
4333.987075
4334.394669
4357.043109
4366.981439
4367.256452
4376.628958
4377.179938
4382.242485
4389.085791
4399.449927
4419.458305
4421.114447
4431.690801
4443.941215
4453.827609
4462.276927
4463.475198
4474.774582
4488.150102
4494.303039
4506.053771
4510.518670
4521.638490
4525.398550
4548.872700
4555.740530
4555.911298
4586.003657
4589.906684
4592.221662
4616.557512
4624.922753
4635.279999
4646.738851
4659.676674
4676.602703
4677.434279
4694.961288
4702.990955
4706.290481
4720.294925
4730.984550
4734.740823
4762.623946
4763.083988
4767.527430
4791.696767
4803.961693
4805.060604
4814.607812
4819.913578
4840.778287
4846.914168
4848.243677
4876.781408
4878.165698
4888.068078
4904.988372
4915.546093
4916.655538
4930.125303
4930.919461
4953.249527
4958.089619
4963.213002
4970.963087
4984.855354
4990.782888
5011.258221
5011.450666
5021.234595
5028.697922
5036.190729
5050.955636
5061.925082
5067.535218
5087.529953
5089.690104
5106.041835
5113.215423
5129.560713
5138.871733
5144.905805
5164.071697
5169.234255
5183.702425
5189.485026
5207.892417
5214.761028
5221.722174
5238.946190
5246.124864
5260.785204
5263.626764
5280.482358
5283.561135
5288.498924
5300.504154
5314.055820
5320.709697
5333.172936
5339.166548
5339.343694
5359.111860
5364.545190
5377.766731
5390.247342
5396.297053
5410.790907
5414.256077
5416.114626
5419.001464
5433.368719
5439.850025
5455.384430
5464.778538
5469.841587
5490.298064
5492.086840
5494.619705
5506.706328
5515.360532
5530.982007
5533.417384
5540.226302
5543.578124
5566.368132
5571.642276
5581.238214
5592.506343
5609.743189
5618.783422
5619.341489
5645.535150
5647.130244
5656.101145
5672.252167
5672.860662
5684.850974
5686.600384
5693.703964
5695.307952
5700.760477
5705.036330
5714.555670
5722.505733
5727.574072
5730.677025
5754.889479
5759.398285
5768.552720
5774.480407
5775.630832
5782.676210
5795.839337
5804.081435
5805.810986
5806.298294
5810.997342
5832.230339
5835.378215
5839.629579
5846.022365
5854.885415
5867.974051
5868.137735
5885.788443
5897.824445
5903.723853
5925.120399
5927.193211
5938.937752
5957.111622
5964.177040
5973.776674
5987.584011
6004.296594
6006.231179
6017.655616
6017.666700
6029.236230
6039.960101
6044.840415
6047.830378
6073.209714
6078.090073
6079.598281
6085.630876
6105.851467
6110.511173
6112.929036
6126.440989
6139.049614
6142.962192
6150.170618
6167.439229
6171.390809
6174.026568
6181.416854
6203.898356
6207.191407
6208.717438
6236.185163
6239.235727
6249.956300
6268.425929
6272.020547
6292.195517
6300.454241
6303.942224
6331.802444
6334.049492
6337.652430
6362.369551
6371.655484
6377.090552
6394.226235
6405.371460
6420.486162
6425.075045
6438.440514
6456.180958
6463.652580
6472.904951
6487.130225
6506.888122
6507.565607
6519.186148
6541.839683
6549.567986
6550.246354
6575.918751
6581.496042
6592.995757
6606.042141
6610.551175
6612.693949
6636.346849
6643.863207
6644.606116
6673.706236
6675.028506
6678.730082
6679.707764
6686.471410
6706.879416
6713.713749
6721.099971
6738.035687
6743.425633
6749.391223
6762.910607
6769.968859
6784.668169
6801.970349
6804.566460
6820.666880
6834.684424
6846.022294
6855.974708
6868.490321
6873.732142
6887.768071
6890.119699
6902.677448
6925.749713
6928.660978
6936.574926
6960.605445
6969.455183
6970.689623
6995.456737
7005.212288
7010.094053
7030.215871
7041.084003
7049.364474
7050.133957
7050.234887
7064.343342
7066.976473
7077.151262
7083.645513
7089.892558
7098.569801
7113.324987
7121.223721
7127.833747
7132.626521
7149.815488
7166.361170
7167.102134
7185.180401
7194.254939
7200.711574
7206.085328
7223.595414
7234.297857
7245.255934
7260.359383
7267.088607
7283.524789
7297.928619
7300.041729
7320.537434
7333.118739
7335.807356
7357.954920
7365.335205
7365.677204
7374.134616
7375.929069
7390.289040
7394.697283
7398.900683
7412.715582
7431.637035
7431.785868
7441.362809
7451.279879
7463.610012
7468.353014
7481.246021
7490.259120
7496.148893
7504.848366
7526.908245
7528.566025
7542.319426
7558.035656
7567.265536
7579.362260
7579.565976
7580.761578
7583.701405
7587.278372
7588.212916
7605.169949
7615.962435
7616.578559
7618.116947
7624.100700
7645.169219
7648.290435
7654.150998
7661.351948
7677.913075
7685.462024
7689.904699
7691.916763
7707.622316
7721.476211
7724.314177
7728.892510
7737.483718
7763.183596
7766.131100
7766.945600
7794.768089
7801.611102
7805.365677
7823.235261
7839.451913
7839.831379
7843.509229
7850.623978
7877.929272
7878.385753
7881.612667
7905.823093
7916.928179
7921.094616
7924.771506
7932.754474
7942.497792
7948.030563
7954.676718
7959.141682
7960.897557
7985.405995
7993.206416
8001.157210
8011.592079
8030.151325
8038.101736
8041.602491
8063.143882
8064.057044
8067.313704
8078.972636
8080.976871
8082.691751
8089.155091
8103.278743
8115.596025
8123.773938
8129.618657
8138.980499
8140.902250
8165.055991
8166.463955
8172.448639
8174.738367
8191.821886
8206.620316
8210.123705
8216.354155
8240.722467
8244.443947
8248.534133
8259.328799
8266.189130
8279.231860
8291.192393
8291.579323
8314.383330
8315.665104
8320.851935
8334.173366
8340.274483
8346.397231
8347.813051
8365.553416
8375.995437
8381.263862
8390.540611
8390.790430
8399.723355
8414.415471
8415.588051
8418.856620
8440.697452
8446.716107
8453.055501
8455.601537
8461.901800
8465.527517
8466.936150
8479.004447
8491.718526
8496.336849
8504.449655
8511.603919
8517.670974
8543.342219
8543.516143
8548.121750
8569.188223
8575.762694
8590.903962
8595.294081
8607.431806
8609.442831
8622.237303
8628.546007
8630.764469
8634.498742
8638.772173
8648.620600
8670.487321
8676.205390
8677.347662
8697.877194
8701.695498
8703.242430
8719.729963
8730.199975
8733.525367
8757.891561
8761.482380
8763.979332
8769.742290
8785.755815
8795.932436
8803.349923
8813.576704
8821.423860
8826.776684
8841.950549
8845.508327
8857.801396
8870.672037
8887.626791
8889.103130
8897.107996
8898.751745
8920.391884
8927.548663
8928.988403
8952.199636
8957.699008
8970.259115
8983.666406
8988.401683
9010.895824
9016.496567
9017.975181
9048.513981
9049.412468
9051.302094
9080.250765
9082.293079
9090.952215
9099.008347
9110.988435
9115.191742
9130.980896
9142.385100
9147.183552
9150.416856
9169.552942
9171.629187
9174.302756
9179.749720
9206.193721
9208.722767
9213.919571
9238.927958
9246.630537
9247.538973
9271.630251
9282.393907
9284.693929
9303.578317
9316.701135
9321.778413
9336.531279
9342.171736
9351.559671
9358.907755
9368.979921
9379.174890
9386.597581
9396.329792
9402.738907
9421.296860
9433.528735
9436.543432
9456.774057
9458.654452
9470.105518
9470.683903
9481.377627
9486.246620
9494.023875
9503.408358
9507.576291
9530.247311
9537.060497
9544.335705
9560.355177
9566.555648
9571.821489
