45142
60034
90030
120119
134788
179722
180047
224617
239983
245963
269656
276594
300091
314692
315923
359877
359935
369648
404824
419823
449785
479918
494871
539738
539868
584881
587866
596278
599855
629911
637904
659870
674939
719938
720139
765203
779734
797677
810332
839823
855454
899666
900604
934888
945592
959588
990645
1019620
1035827
1043247
1079493
1080726
1125669
1139478
1170713
1199189
1215589
1259137
1260673
1305828
1319113
1350892
1379028
1395961
1403538
1438935
1440813
1485773
1496076
1499024
1530933
1558808
1575827
1605138
1618639
1620877
1665874
1678718
1679277
1684664
1703218
1708991
1710903
1716780
1738597
1756024
1775297
1798700
1801148
1838943
1842040
1846011
1846674
1858917
1891046
1918906
1935940
1946975
1979034
1981014
2026206
2039063
2071124
2099086
2115951
2157165
2158883
2161118
2171756
2199287
2206170
2218945
2251087
2278947
2296102
2326834
2338891
2341070
2356113
2386148
2398867
2431084
2457194
2458835
2476156
2518852
2521017
2565955
2578980
2590187
2610828
2639004
2652255
2655840
2698942
2700886
2745906
2758955
2790888
2819004
2835940
2840854
2879170
2880983
2881990
2891238
2925951
2939141
2971047
2999238
3006821
3016031
3059186
3061074
3106027
3119337
3144985
3151015
3179221
3196200
3218402
3239097
3241198
3286079
3299137
3331118
3359143
3376139
3396840
3419097
3421144
3466148
3479070
3494820
3495911
3511063
3533814
3539114
3556105
3599220
3601058
3603643
3627030
3645961
3659113
3684359
3690982
3719126
3731632
3736054
3772906
3779185
3780955
3825951
3839103
3870888
3879806
3899046
3904873
3915923
3953701
3959096
3961101
4006089
4019209
4038167
4051182
4067263
4079350
4083786
4096271
4139319
4141328
4186455
4199288
4231377
4259198
4274944
4276333
4319068
4321360
4366348
4378998
4411355
4439135
4456234
4499048
4501154
4512189
4546106
4558941
4591138
4618940
4636066
4679005
4681054
4725948
4738975
4770979
4798996
4807603
4815994
4823412
4859017
4861096
4876700
4906064
4913040
4919145
4951130
4979018
4996168
5039042
5041116
5086078
5098949
5131045
5159131
5169989
5175974
5219413
5221060
5266074
5279422
5310939
5339340
5351105
5355917
5399338
5400945
5445924
5459405
5490981
5519505
5536124
5539393
5579586
5581212
5626202
5639599
5671342
5681347
5699657
5716371
5759724
5761432
5806370
5819657
5851462
5879809
5896674
5939845
5941576
5955621
5961295
5986640
5999811
6031640
6059887
6073484
6076661
6099790
6119927
6121495
6166424
6168940
6180102
6211272
6240105
6256246
6288326
6300000
6301223
6346279
6359995
6391292
6419966
6436431
6479926
6481521
6526630
6539804
6571577
6599819
6616364
6659822
6661392
6663955
6690134
6706199
6719873
6751347
6757818
6779746
6796372
6839715
6841420
6886398
6899520
6909456
6931395
6959375
6976337
7019426
7021348
7049262
7056506
7066376
7079326
7111463
7121804
7139445
7156470
7199352
7201514
7209027
7246487
7257708
7259226
7283573
7291525
7319205
7321486
7336358
7379207
7381474
7404131
7426361
7434573
7439164
7471413
7499122
7516562
7522853
7547329
7559099
7561531
7606323
7619217
7651186
7679089
7696348
7739190
7741292
7786374
7799152
7831445
7859258
7876347
7877497
7919161
7921251
7966187
7979193
8011155
8032423
8039312
8056224
8083161
8088509
8099213
8101232
8131861
8146124
8159141
8191089
8219077
8236166
8279155
8281200
8326283
8339137
8342211
8368783
8371194
8399062
8416137
8459018
8461031
8468957
8505994
8519028
8550828
8560944
8579080
8595780
8616370
8639025
8640831
8685811
8699236
8730685
8759521
8775639
8784592
8795083
8819547
8820645
8865664
8879464
8910679
8939537
8955705
8999615
9000669
9045839
9059644
9081779
9090854
9119608
9135770
9137471
9144342
9179589
9180686
9225810
9239507
9270713
9299702
9315857
9359756
9360800
9405862
9408608
9419744
9450973
9479719
9496148
9539817
9540969
9582505
9585908
9599828
9625777
9630905
9645070
9659719
9675994
9682873
9719709
9721117
9721643
9766080
9779859
9810025
9811068
9839751
9856051
9899747
9900897
9911181
9916773
9944644
9945969
9959802
9990859
10019869
10034046
10035822
10065364
10079880
10080826
10126012
10139849
10171179
10199971
10216142
10260134
10261182
10290600
10294541
10306103
10320307
10351130
10380135
10387078
10396368
10432591
10440211
10441359
10470070
10472535
10486377
10500282
10522179
10531431
10560360
10576441
10620227
10621430
10666520
10680110
10711517
10740153
10756489
10799124
10800276
10801479
10846430
10860283
10891646
10920233
10936609
10980367
10981633
11026511
11040360
11060437
11071484
11100312
11116442
11153116
11160407
11161514
11206463
11220486
11251293
11280423
11296275
11340301
11341113
11349985
11386102
11400356
11431301
11460451
11470168
11476188
11520528
11521303
11542917
11566254
11580613
11611341
11640570
11656317
11700581
11701334
11746336
11760603
11791257
11820468
11836222
11880505
11881232
11926270
11940519
11971298
12000351
12016369
12023230
12025506
12060312
12061281
12106347
12120301
12151407
12180378
12196280
12240319
12241429
12286406
12300311
12331445
12335834
12360444
12376436
12389482
12420406
12421428
12466310
12480428
12511285
12524223
12540560
12556257
12600657
12601237
12646108
12660567
12690962
12720609
12736087
12746859
12780609
12780991
12825944
12840578
12871187
12900526
12914730
12916259
12960690
12961191
13001356
13006180
13018946
13020719
13026346
13051344
13080694
13096128
13140700
13141115
13186110
13200756
13231087
13260655
13275945
13320555
13321036
13356185
13365966
13380710
13411138
13440603
13456114
13500458
13501175
13546061
13560633
13580090
13591088
13620688
13636067
13662146
13680670
13681067
13719734
13725902
13740885
13770926
13800846
13802280
13815928
13860912
13860987
13896450
13905991
13914438
13920787
13950990
13980662
13995872
14040682
14040755
14085809
14100739
14131014
14160740
14176147
14220652
14221075
14228153
14266060
14280754
14311124
14320648
14340633
14356052
14372966
14400580
14401041
14445903
14460442
14490968
14520474
14520988
14536038
14580642
14581053
14625965
14637059
14640624
14671238
14700562
14716191
14760479
14761192
14806168
14820466
14851114
14880393
14896143
14928432
14940330
14941190
14945026
14986088
15000216
15031177
15060074
15076190
15082691
15119940
15121059
15141660
15166030
15179844
15211118
15239666
15250972
15256119
15299718
15301164
15346183
15359643
15382314
15391325
15419787
15436250
15479706
15481391
15499320
15526387
15539708
15565028
15571315
15594096
15599711
15616285
15659760
15661216
15706170
15719825
15751126
15779843
15796122
15839729
15841215
15876650
15886247
15899627
15931107
15937270
15959722
15968468
15976147
16019662
16021096
16065888
16079756
16094570
16110950
16139920
16156106
16200102
16201088
16246058
16259077
16260167
16291289
16320163
16323621
16326199
16336186
16380243
16381276
16426170
16440385
16471325
16483245
16498365
16500511
16516443
16560478
16561430
16606518
16620405
16638614
16651580
16680527
16687715
16696636
16740594
16741481
16786398
16800540
16831348
16846974
16860378
16876306
16920435
16921114
16933635
16965949
16980492
17010811
17040529
17055849
17065380
17100536
17100884
17144102
17145887
17160526
17190909
17220423
17235940
17248932
17280300
17281009
17325941
17340320
17370933
17400401
17416131
17446433
17460332
17461317
17502687
17506210
17520083
17551270
17552352
17580004
17596180
17640164
17640944
17641042
17685931
17699981
17722051
17731017
17760189
17776184
17807996
17820268
17821283
17866472
17880434
17887937
17911632
17927509
17940340
17956737
18000446
18001629
18046598
18060547
18065314
18091607
18120317
18136560
18180233
18181464
18197292
18226402
18226537
18240208
18250144
18271641
18299923
18300248
18311801
18316721
18333106
18360114
18361643
18381596
18395635
18406637
18420023
18451510
18457223
18479893
18496641
18539702
18541555
18575481
18586598
18599735
18613555
18631657
18659676
18676670
18719760
18721662
18766712
18779578
18811615
18839524
18840429
18853285
18856598
18879399
18899469
18901526
18939247
18946329
18959547
18991421
19019709
19036421
19079752
19081333
19126453
19139729
19171539
19199766
19216626
19259803
19261607
19265305
19306683
19319802
19351770
19366959
19379812
19396763
19413542
19418497
19439949
19441724
19486807
19499914
19502201
19519997
19530302
19531913
19560131
19576907
19619976
19621787
19626242
19633020
19666763
19680006
19711874
19740108
19756976
19799972
19801933
19812377
19821605
19846787
19851520
19859954
19891751
19919897
19936651
19979896
19981596
20026607
20039814
20071569
20099861
20116485
20159705
20161340
20206225
20219621
20251248
20279542
20296186
20339674
20341171
20386474
20399589
20431616
