38.987765
42.747518
55.529511
59.397613
77.570775
101.687939
111.543570
118.391921
141.915053
148.640950
154.400870
183.188285
200.309219
210.216146
211.393294
244.716542
254.080720
256.849410
259.380973
259.589851
269.987444
286.619717
289.542689
310.363997
312.001107
319.465238
343.361577
353.468914
372.725166
409.860795
419.973183
433.539913
454.627444
466.246469
468.478814
479.105722
494.595043
500.951623
538.864374
541.125465
554.281558
567.537452
602.706070
628.969247
630.305557
635.045869
650.520437
652.458183
662.260930
676.301028
678.564151
698.503645
711.794658
734.074047
767.597921
772.206667
774.413575
823.731087
833.193781
850.552151
858.032667
888.190634
901.955149
914.311377
926.519878
935.842964
949.452103
969.280912
982.276834
1008.888902
1031.655829
1036.465673
1037.768149
1056.038999
1090.664122
1092.747228
1093.171160
1113.196365
1127.886126
1153.892635
1170.700676
1177.046398
1188.692357
1201.135552
1203.972194
1214.546531
1215.228139
1257.372797
1264.795629
1276.693104
1291.924762
1324.052226
1324.505019
1325.708373
1344.102724
1359.719475
1370.768690
1383.801579
1393.599715
1410.305920
1425.673028
1426.538382
1459.345796
1480.722348
1483.448253
1492.899938
1534.492614
1535.520916
1541.172293
1577.702008
1587.668971
1594.570632
1610.832230
1633.400285
1647.999526
1676.627856
1686.732824
1699.700639
1709.133403
1733.612180
1745.805016
1763.692803
1768.813346
1781.716016
1789.501973
1792.688757
1810.197994
1823.242170
1851.745737
1857.435507
1858.122854
1894.212781
1900.871897
1904.650591
1910.896676
1934.450560
1935.215034
1951.578261
1958.837595
1993.398060
1997.717353
2003.046323
2052.888478
2059.128441
2069.597379
2070.942144
2097.640018
2107.405474
2115.765206
2123.642408
2129.179297
2151.882406
2168.899507
2181.617786
2201.217220
2203.621380
2215.071082
2227.584990
2248.943382
2251.502088
2275.331312
2316.516448
2327.940037
2335.533893
2351.483866
2359.659936
2383.120976
2402.569924
2405.093614
2427.872791
2444.566308
2446.300069
2480.365045
2484.603140
2504.706823
2505.379922
2523.343519
2528.202051
2550.642148
2566.404472
2579.206775
2585.066165
2609.302440
2627.618417
2635.314638
2657.585793
2661.823224
2674.472269
2678.681687
2681.926819
2685.689052
2713.598526
2728.775894
2756.469345
2762.092410
2789.659907
2820.614538
2822.901294
2843.684648
2850.906827
2857.504903
2900.738133
2902.558750
2912.380070
2961.563217
2966.525871
2967.940458
2973.810486
2987.333768
3001.650400
3012.122728
3012.376492
3035.348346
3038.072584
3043.436798
3045.361856
3057.266053
3067.451730
3077.541778
3090.107709
3096.060231
3123.364412
3124.989236
3136.257752
3154.875361
3166.968035
3168.480347
3191.023228
3221.744444
3231.044076
3237.660252
3238.386640
3265.035156
3285.911776
3298.903814
3303.175367
3306.868587
3308.869350
3330.548005
3340.705263
3341.316624
3377.506610
3383.539663
3389.257318
3395.408035
3403.933179
3418.059028
3457.266559
3464.553990
3485.030179
3503.603749
3527.379102
3539.507737
3540.990131
3548.239730
3550.400118
3558.370149
3593.965460
3611.804416
3616.684756
3658.963284
3661.908614
3670.739856
3691.928691
3704.889369
3720.027571
3748.189374
3760.332960
3768.254639
3781.564436
3791.549410
3794.804451
3800.950880
3814.518650
3842.051892
3850.699775
3873.497639
3883.928130
3896.706182
3917.602685
3949.814073
3951.976855
3961.505045
3971.668311
3972.059899
4013.053965
4018.170284
4019.387819
4030.768685
4060.390788
4084.960437
4090.332436
4107.118404
4140.964382
4149.370267
4167.933799
4183.536974
4209.190013
4221.817050
4227.360859
4231.636243
4241.828735
4249.265755
4282.928072
4286.223067
4293.352062
4307.120295
4309.720033
4330.870051
4336.250099
4378.604920
4379.054237
4381.789800
4404.660077
4425.318387
4434.888329
4479.991479
4480.863229
4490.653160
4502.872390
4526.878528
4533.279486
4535.906925
4549.441100
4556.523047
4576.631224
4596.457125
4598.592354
4625.714476
4632.811933
4651.009069
4661.274027
4676.239433
4701.222000
4705.552469
4732.533783
4752.726048
4759.976279
4776.125203
4777.253959
4795.398515
4799.855915
4809.827599
4835.837788
4855.390278
4876.418481
4884.793455
4887.362151
4902.485731
4902.737856
4910.988000
4912.603753
4929.523270
4935.966066
4959.407010
4963.056452
4966.252471
4998.783334
4999.999350
5009.390066
5017.445514
5064.031172
5067.280705
5076.166937
5110.923235
5134.049114
5135.418910
5158.069930
5176.840146
5210.088649
5212.015998
5212.465496
5213.657503
5235.006937
5243.129936
5258.001407
5275.205959
5285.216880
5316.259958
5322.405401
5351.929279
5354.499480
5370.335281
5376.703572
5392.509140
5398.694416
5419.367356
5425.590865
5463.461794
5469.265891
5480.915951
5528.004623
5528.354632
5530.388753
5543.490333
5554.585458
5583.253469
5587.119194
5604.020141
5637.857871
5654.515133
5657.388317
5663.169984
5672.873442
5685.110682
5703.967392
5715.919081
5721.515794
5721.941928
5729.051986
5732.278929
5743.565437
5765.896339
5777.970232
5787.038359
5788.719634
5789.332810
5821.460965
5834.505332
5865.439052
5878.020317
5895.748178
5929.494473
5941.651468
5944.960072
5950.781498
5987.075650
5999.099611
6001.078189
6005.792452
6044.025657
6066.946613
6076.627445
6100.424547
6121.861145
6128.697528
6135.834339
6156.477529
6178.002157
6182.667679
6212.065574
6212.142500
6238.002734
6255.762369
6270.341532
6299.263494
6313.047912
6346.728957
6360.289156
6369.266610
6385.165727
6407.201777
6408.449813
6412.032885
6422.486070
6435.911757
6438.464652
6453.645130
6454.313626
6462.628524
6487.687751
6498.199234
6499.603434
6504.337855
6521.212576
6522.892641
6529.813054
6570.486147
6581.235487
6586.302073
6613.002643
6620.202946
6631.780951
6632.336324
6635.565662
6639.357173
6654.128136
6692.629626
6697.093755
6698.187695
6730.098505
6747.448947
6754.389716
6773.062209
6774.197568
6797.408136
6801.856103
6833.527198
6839.976466
6840.868716
6855.794537
6855.951135
6863.657683
6897.392428
6903.446809
6930.496816
6950.380267
6953.452574
6996.732868
7004.959770
7006.033594
7033.537279
7036.232006
7056.048590
7064.276523
7065.859350
7082.531275
7105.178267
7112.291833
7117.919516
7131.242771
7158.426077
7174.666761
7175.499764
7181.146229
7213.068304
7217.124282
7257.062027
7258.478998
7259.868511
7269.107127
7279.727327
7295.027981
7295.165252
7302.273055
7329.446188
7338.516511
7378.066798
7383.868166
7401.455993
7405.623333
7413.541908
7416.185072
7438.368021
7442.704274
7448.845596
7477.524008
7493.225946
7515.998677
7521.770295
7550.555899
7554.332866
7555.382224
7602.301719
7606.600846
7613.701551
7657.609467
7661.990161
7672.583545
7694.464455
7717.546153
7719.426944
7721.892384
7743.763633
7748.686388
7773.232558
7774.620007
7824.558280
7829.388246
7829.767158
7872.471988
7890.234238
7899.991661
7923.294744
7939.193161
7945.215101
7976.206902
7983.404749
7999.041630
8015.361470
8019.165520
8031.166780
8035.126757
8045.635597
8051.002083
8106.118585
8106.362010
8110.399466
8152.277624
8173.108646
8185.528831
8199.764318
8207.964818
8216.893646
8228.695114
8254.785613
8256.131286
8272.760848
8282.963497
8301.619125
8303.714313
8305.785563
8340.438462
8356.125570
8382.033879
8396.111541
8405.161721
8417.042598
8419.381662
8428.193558
8450.442468
8450.987935
8452.981566
8471.818690
8508.875093
8509.972869
8532.649585
8533.184015
8543.511754
8577.308330
8585.966680
8588.207715
8594.207776
8608.954141
8611.434080
8611.813684
8618.063748
8644.323369
8655.167335
8678.474919
8684.471289
8708.184161
8715.817479
8716.254590
8744.481839
8761.895870
8766.751904
8788.499439
8800.362667
8823.368804
8826.467409
8843.313342
8843.657756
8877.138232
8884.491796
8885.160480
8900.435104
8931.988370
8932.742324
8939.488333
8943.686174
8967.010390
8986.623947
9020.267669
9022.910079
9033.735900
9043.541513
9054.374383
9056.631100
9080.604400
9087.514354
9099.965144
9102.776073
9127.045831
9143.012250
9161.382307
9182.187309
9184.437351
9198.783002
9243.227128
9243.488624
9265.765332
9266.583540
9289.881773
9290.427318
9308.871242
9321.111449
9344.087543
9348.640823
9366.466390
9388.138460
9389.069510
9390.522819
9425.602374
9431.638065
9445.913013
9448.686280
9458.534821
9471.696498
9493.441162
9494.348942
9498.078305
9517.974380
9524.686243
9532.368040
9553.819187
9554.270405
9554.958480
9607.844336
9615.642375
9620.457672
9629.131605
9670.817023
9686.279699
9705.049266
9726.703801
9737.116332
9742.225613
9748.410738
9764.113288
9774.378226
9776.268617
9779.062215
9820.202577
9823.041862
9836.277051
9845.938539
9853.888302
9896.458750
9908.451141
9922.170882
9951.479608
9965.060379
9997.985898
9998.277925
9999.663942
10006.534199
10042.089502
10049.414763
10058.728656
10064.736714
10074.275616
10097.191531
10114.406542
10150.134672
10165.388269
10172.854479
10175.372285
10195.350937
10208.535051
10219.011713
10221.732788
10242.197373
10276.177771
10277.089323
10283.458780
10290.126468
10294.395900
10310.413372
10320.620558
10331.427986
10353.550184
10367.085927
10392.070860
10413.337809
10423.397090
10430.670105
10440.333882
10446.415694
10464.106407
10489.612570
10491.191991
10492.742111
10507.653550
10515.316840
10525.180105
10548.863415
10568.668261
10587.065027
10592.605716
10597.382417
10601.741973
10604.399442
10607.596319
10619.809367
10624.039655
10659.644837
10666.291121
10684.938100
10689.188678
10702.484759
10703.329968
10745.153531
10747.169191
10757.537632
10767.679460
10792.058697
10800.187077
10823.140543
10835.330121
10845.717495
10849.097015
10856.040765
10887.175563
10901.884129
10916.795968
10917.930454
10922.433289
10946.029010
10953.006509
10962.790070
10967.635360
10968.252276
10980.013520
10997.659924
11005.671905
11006.968732
11009.039967
11010.428913
11028.866079
11031.032215
11035.075552
11057.448708
11074.417983
11090.998358
11104.963778
11118.242129
11134.205001
11147.336140
11157.478458
11178.453389
11203.380959
11215.720329
11238.659070
11238.937574
11258.918222
11261.474976
11283.563083
11300.490358
11306.284017
11317.713628
11326.122926
11328.943969
11361.385341
11393.753942
11405.297482
11407.590402
11428.149359
11430.569342
11436.558705
11451.725260
11453.845848
11474.977284
11480.075079
11483.882882
11514.461268
11515.420626
11533.491318
11555.859737
11558.383167
11562.495471
11609.530126
11613.666886
11614.964039
11637.269516
11656.775308
11679.401121
11713.126451
11717.633516
11736.021256
11736.233645
11759.574115
11762.819124
11778.720688
11782.194464
11793.569854
11802.153265
11803.150558
11829.431338
11833.894106
11856.487252
11857.945812
11858.604816
11881.115930
11914.906103
11928.258995
11932.703851
11981.712018
11988.884557
11999.752127
12009.178417
12024.612971
12032.529617
12033.191251
12049.994989
12091.587365
12091.720695
12104.935991
12148.113849
12150.636549
12151.437944
12208.837286
12212.193916
12214.696160
12232.291750
12248.883118
12255.624996
12264.515628
12266.522288
12292.214499
12314.724496
12321.601663
12326.756874
12337.869091
12360.411325
12361.237173
12377.549131
12380.856056
12383.604206
12392.002011
12401.593878
12416.186334
12424.388731
12442.409141
12465.552631
12483.589808
12485.620272
12488.488504
12505.019096
12506.457277
12510.935677
12527.742616
12532.550566
12533.962193
12557.413764
12581.197759
12582.855669
12593.110872
12599.255828
12604.298461
12627.169613
12638.534225
12639.603779
12672.692398
12685.414656
12686.450297
12715.134999
12744.688785
12746.588233
12759.229217
12768.126090
12776.316923
12791.966885
12801.135416
12801.493516
12844.881667
12844.925598
12855.364787
12868.546124
12889.380864
12908.937732
12910.420184
12912.565495
12944.640558
12968.179188
12968.768807
12971.467039
12982.691541
13003.047330
13026.674509
13044.547364
13044.618118
13057.983041
13074.273042
13104.120777
13104.358978
13114.467521
13135.588123
13149.013527
13179.791871
13196.469254
13206.645424
13215.705998
13228.425533
13240.811827
13249.474595
13251.837318
13255.344055
13278.130085
13281.108850
13284.371578
13313.212428
13351.048221
13353.572835
13360.631086
13384.497794
13384.641211
13407.887354
13428.847585
13440.076141
13452.371530
13469.076247
13483.130368
13483.448831
13517.072392
13524.552710
13528.349836
13550.899265
13560.399254
13571.841547
13610.119968
13616.295741
13619.341206
13650.402314
13655.641078
13666.603346
13685.538324
13709.111582
13717.519014
13727.658893
