54.588886
94.489758
110.148955
126.673058
132.514579
165.124232
198.621760
219.590314
220.347355
251.555858
276.012493
283.479306
331.112008
331.772608
347.211675
378.844660
387.262629
439.320547
441.147450
465.114607
470.789698
499.822735
530.070061
532.294650
550.837187
562.341538
601.258610
655.765332
715.736643
748.570797
780.064990
801.213606
809.765875
826.315310
840.135850
870.539020
900.388819
930.710779
936.230660
937.129686
962.356465
990.973243
993.554104
1004.816470
1024.362279
1086.946549
1135.674053
1203.689624
1207.092630
1238.137546
1264.119756
1268.652528
1272.210309
1298.798799
1319.138005
1330.683281
1362.258393
1408.142627
1426.167380
1456.312080
1475.389195
1519.225023
1539.264975
1547.650707
1578.689560
1594.803339
1609.503765
1649.870325
1670.983771
1700.964462
1705.140801
1732.799559
1760.286960
1816.673385
1856.137883
1877.565803
1887.097725
1917.604456
1946.692414
1979.018336
1979.924433
2080.211865
2088.571333
2142.407904
2147.853725
2164.667188
2194.026412
2196.407702
2214.441679
2251.647045
2281.343334
2317.047052
2349.563581
2361.540207
2417.318663
2471.416218
2475.525544
2526.407461
2537.681224
2548.603987
2581.893132
2599.193951
2629.933699
2638.020904
2660.029731
2723.046560
2750.431416
2753.288325
2784.959960
2816.695978
2817.223541
2882.172894
2885.168780
2911.639726
2915.197076
2941.382999
2953.085669
2968.969719
2970.739443
3000.648905
3019.624812
3022.041927
3030.483909
3062.566602
3077.087722
3092.668547
3124.244795
3132.957301
3153.645808
3186.539732
3218.034777
3279.783990
3286.703892
3297.306818
3311.184815
3342.083911
3352.773271
3353.602363
3372.693039
3404.480849
3409.671264
3419.963051
3435.133174
3462.803348
3465.929423
3488.164776
3519.347253
3529.067864
3554.279000
3561.006917
3624.389866
3682.523744
3686.602344
3689.160747
3738.490963
3748.180424
3822.601333
3872.293532
3902.009652
3956.958104
3959.756093
3990.700075
4021.695166
4024.375699
4052.851354
4070.906905
4082.800059
4091.363999
4114.239888
4125.874461
4146.090239
4158.869004
4234.999982
4240.936748
4273.555502
4293.039752
4304.927132
4336.554036
4343.535166
4397.928755
4428.698402
4453.984765
4491.861316
4524.021746
4555.297758
4557.945604
4563.843385
4586.612335
4617.553069
4680.216238
4694.380343
4761.369966
4783.181043
4804.401476
4827.292589
4835.036097
4838.930892
4893.921138
4896.393602
4927.368948
4959.018466
5003.329874
5023.511102
5029.249529
5059.117971
5084.569731
5095.704324
5115.533604
5145.526553
5161.987190
5170.386725
5175.682856
5206.653982
5225.700615
5230.357059
5236.724229
5268.626514
5279.484944
5297.734443
5363.032228
5365.566059
5388.181087
5432.306380
5443.099222
5452.652600
5499.629363
5514.312455
5543.912354
5555.226075
5565.059953
5575.131836
5605.624284
5608.941077
5666.741372
5699.447074
5716.351025
5771.835848
5789.812071
5819.807869
5826.475011
5850.100550
5882.017698
5883.382436
5969.303920
5992.149609
6007.281514
6036.511607
6036.754745
6046.351757
6067.074371
6099.333642
6100.694885
6129.255217
6223.850936
6241.697911
6307.833628
6317.281684
6351.977605
6370.757228
6417.417065
6442.254357
6448.504552
6479.454285
6508.391472
6509.449681
6591.226149
6648.279328
6665.426108
6705.008789
6707.614575
6760.519816
6760.695134
6774.971160
6791.667848
6814.049066
6841.677086
6908.141719
6974.173629
6976.417762
6979.291187
7012.760730
7041.132873
7044.968652
7076.132664
7109.320026
7142.103450
7177.059072
7205.452341
7237.363674
7244.825025
7250.421038
7267.610150
7297.586902
7312.726798
7328.386506
7360.607469
7360.642014
7378.725878
7416.247953
7419.886946
7446.394442
7450.750456
7471.926197
7513.446882
7514.746730
7527.021500
7546.869294
7578.076111
7580.605237
7582.616208
7609.309214
7638.036472
7647.754989
7691.231926
7714.669821
7729.704212
7744.780217
7761.304977
7782.466235
7800.552211
7825.459230
7850.239200
7856.542697
7856.850670
7887.385317
7911.916810
7950.048688
7966.587354
7980.819922
7984.479670
8011.267365
8021.738716
8042.849699
8104.736142
8134.660486
8196.581726
8228.347344
8259.785157
8291.162617
8352.253957
8354.450716
8385.429033
8417.249700
8450.776558
8462.413216
8478.417567
8517.250949
8573.091686
8575.431942
8605.506387
8635.892764
8667.032744
8680.751160
8696.958922
8717.997019
8727.525541
8759.647501
8785.331942
8821.038632
8846.526535
8850.837429
8853.680887
8882.581949
8902.044114
8921.405376
8956.905714
8974.969183
8987.107707
9004.966886
9010.973906
9036.243294
9054.901128
9065.262770
9100.092332
9120.157424
9121.477256
9163.604559
9225.052821
9229.488885
9254.529587
9282.811181
9321.417323
9379.494319
9388.966717
9391.446505
9446.147926
9523.354214
9556.485499
9565.721462
9612.395192
9626.540545
9657.001842
9659.352378
9667.933891
9689.726786
9721.496541
9776.488415
9783.922279
9791.193399
9830.147032
9846.230558
9856.966728
9874.876962
9906.763340
9923.196833
9937.671040
9937.678837
9969.673320
9993.070968
10000.576899
10046.257677
10058.492269
10093.400310
10099.619635
10127.919948
10187.061504
10194.143417
10211.898828
10261.624165
10323.320253
10377.347816
10394.274814
10436.871206
10462.791484
10499.767185
10529.365564
10540.147332
10559.091979
10595.899399
10596.504505
10620.481259
10649.808297
10663.151806
10679.924085
10703.480936
10772.833431
10861.179705
10862.770282
10926.218752
11033.977281
11064.390474
11090.572157
11108.632273
11131.089861
11145.998207
11170.215752
11198.451834
11200.548336
11265.047857
11291.732705
11310.716598
11364.893343
11386.828297
11418.097760
11420.116207
11465.386822
11475.640222
11532.841201
11576.285613
11641.954906
11665.862283
11703.031463
11735.417634
11750.980396
11797.787245
11827.749639
11858.552723
11859.551285
11863.611540
11911.621600
11930.187824
11967.354483
11982.950545
12013.080374
12021.494172
12043.665251
12064.828712
12075.321632
12076.323797
12105.152068
12130.752564
12131.639069
12167.534210
12185.077870
12198.686400
12240.841054
12264.841398
12292.952876
12295.685329
12331.436390
12356.335487
12386.949337
12407.332980
12448.070932
12462.369296
12464.458914
12479.814595
12509.673050
12517.751129
12529.406992
12598.182369
12605.902687
12636.669295
12681.209420
12698.570360
12730.486819
12737.129779
12760.785006
12792.705843
12798.493910
12823.222420
12848.475845
12863.966997
12884.751678
12904.479146
12913.882664
12930.030493
12944.966169
12960.001425
12997.399818
13013.847242
13035.214583
13066.036947
13067.952739
13128.787663
13176.613390
13189.034361
13251.912412
13264.123249
13281.690838
13314.035315
13332.016859
13341.844905
13344.970358
13376.310220
13397.482726
13440.348286
13452.494209
13464.487609
13470.546495
13503.081620
13508.204440
13532.039302
13535.622939
13563.623899
13568.183041
13599.885588
13616.822841
13665.366648
13732.361007
13752.334018
13783.995889
13799.486691
13813.677468
13839.809133
13878.823378
13909.200831
13949.634327
14003.073337
14004.120924
14036.266651
14060.116104
14065.620416
14070.733145
14097.162436
14116.172308
14126.483639
14137.998270
14157.822134
14170.831830
14204.485205
14220.507644
14225.593458
14250.226201
14272.790001
14279.777379
14311.585840
14336.094269
14338.918893
14342.650521
14391.565260
14435.507217
14445.735466
14466.157088
14470.672741
14497.654907
14590.398242
14610.565610
14683.725709
14715.943058
14721.161513
14737.801811
14774.620053
14775.579952
14806.769788
14867.429749
14870.192349
14886.169181
14936.046743
14958.664839
14988.192143
14994.952018
15003.670626
15051.028223
15080.901408
15111.337685
15141.769947
15160.404836
15172.066280
15233.769254
15269.858039
15269.886458
15323.796344
15331.172596
15336.170791
15394.049703
15425.203783
15455.708575
15469.829250
15486.365678
15517.515949
15544.442226
15578.534859
15600.571840
15608.172941
15639.766291
15655.682104
15670.344688
15671.575829
15763.776443
15795.742526
15806.414110
15826.984357
15857.958485
15871.511931
15920.325426
15937.803184
15983.139884
16012.869279
16038.562192
16043.238962
16072.672703
16073.559673
16093.127139
16136.456655
16140.786037
16197.671271
16203.896214
16208.858955
16228.503604
16259.721457
16274.611962
16289.215129
16320.471061
16366.518005
16380.902684
16409.433195
16413.955446
16422.219083
16446.896853
16475.142188
16477.861893
16478.120974
16532.855607
16541.207186
16572.616823
16588.179141
16604.601028
16609.163979
16636.979186
16667.992173
16696.847794
16750.701393
16791.598545
16805.676262
16822.635706
16853.643996
16860.299403
16944.814795
16945.210966
16970.112044
16976.556226
17012.841638
17025.291834
17069.392167
17078.280641
17080.014392
17098.581885
17134.809086
17190.465877
17210.990071
17219.691746
17246.047808
17251.089487
17277.679370
17281.251018
17301.738517
17404.797554
17410.603955
17519.130603
17528.215150
17577.361957
17589.914936
17613.491382
17622.498316
17680.168266
17717.172086
17741.310051
17748.842241
17797.395443
17812.219060
17852.060691
17902.173816
17963.240904
17994.112825
18012.308099
18084.463836
18113.744089
18129.828928
18142.544018
18146.630529
18172.797255
18186.336381
18202.745191
18212.297773
18264.117444
18280.381232
18295.894900
18347.667914
18348.462762
18357.383981
18388.564143
18403.630148
18414.696005
18419.790867
18481.520178
18512.635004
18545.832955
18548.864271
18567.300261
18607.500018
18615.847940
18637.639470
18668.080281
18676.751628
18683.646295
18699.412797
18762.469300
18793.092301
18815.759813
18824.434527
18843.312568
18883.834794
18884.466952
18898.697202
18955.045320
18977.112452
19007.546037
19017.655589
19039.419742
19065.352602
19083.746450
19161.790530
19177.877621
19195.178324
19216.736741
19226.403583
19256.401218
19286.005418
19318.356066
19340.491016
19350.743277
19351.722840
19383.923151
19394.237319
19413.728566
19443.934602
19486.359051
19503.525463
19505.920895
19535.519227
19558.613544
19565.985409
19596.820612
19629.236105
19658.859717
19668.349921
19722.771359
19722.778023
19753.823042
19755.064156
19776.833738
19822.449778
19887.485227
19939.494301
19942.291048
19958.575522
19970.420830
19997.634138
20025.787400
20061.794778
20091.351085
20093.037045
20158.882074
20187.944231
20219.237904
20220.349617
20226.331119
20249.293016
20294.624611
20331.414394
20343.022996
20361.979198
20373.030095
20388.772253
20428.303332
20434.168052
20444.149881
20495.711523
20555.524140
20558.662562
20649.158098
20711.048627
20741.355220
20762.163681
20774.535085
20805.811546
20828.994838
20829.438363
20867.569305
20886.743190
20895.735636
20899.083049
20941.694586
20961.439034
21052.905520
21055.111606
21086.051665
21095.272914
21146.999181
21162.118801
21163.016928
21179.211862
21228.998056
21297.373224
21305.419765
21327.457010
21383.825571
21397.646095
21427.822898
21430.670296
21439.146204
21497.089260
21518.541098
21579.862669
21611.164835
21631.191902
21640.072095
21671.554821
21698.066430
21702.278693
21764.844173
21768.118916
21828.815551
21833.977491
21901.244099
21923.752361
21986.504330
22018.104087
22035.600669
22039.110536
22048.183205
22078.894904
22094.769350
22102.267779
22109.586422
22141.099448
22168.286483
22171.151413
22202.334797
22233.627864
22236.403962
22261.817162
22265.025189
22303.813600
22316.706064
22325.404861
22418.521738
22438.362243
22504.607347
22533.196728
22571.010976
22571.914088
22601.947881
22633.488104
22639.021708
22695.821150
22707.530561
22726.715240
22757.176097
22773.816255
22805.199803
22851.701023
22882.556681
22913.903803
22945.609514
22975.201053
22977.018711
23132.024010
23161.269291
23178.358993
23191.633144
23192.056764
23246.633435
23246.901616
23286.244032
23300.182213
23316.162509
23356.333389
23379.195606
23380.857489
23410.557258
23410.894174
23440.346567
23447.673192
23503.906697
23512.346019
23573.276509
23629.749681
23647.593492
23661.682171
23693.617779
23713.335243
23726.782638
23741.035300
23780.990418
23795.355482
23847.736588
23850.984252
23914.082931
23915.491152
23945.068102
23962.583696
23983.351923
24006.338044
24016.382921
24070.276039
24097.131591
24115.302796
24126.039565
24180.633581
24182.034502
24220.335819
24234.287285
24247.542523
24251.416582
24282.550390
24314.680646
24315.269162
24342.954332
24376.964010
24382.007708
24409.077483
24447.634701
24514.391670
24534.343550
24566.930052
24598.384365
24617.939020
24628.854832
24648.617819
24659.029964
24673.106637
24690.474831
24715.705548
24728.285375
24748.975492
24836.408134
24872.923476
24892.524372
24914.369900
24934.657300
24965.850137
24980.553972
25027.836147
25049.135083
25057.394781
25088.419598
25114.196792
25116.847801
25119.059017
25152.979400
25167.492959
25182.762192
25245.118770
25250.986185
25276.065781
25277.806110
25307.650588
25332.411544
