24.754074
31.595709
54.588886
62.124360
67.436016
94.489758
110.148955
113.666941
126.673058
132.514579
145.972242
156.800891
165.124232
170.641585
171.630188
180.391402
186.957809
198.621760
219.590314
220.347355
247.851986
251.555858
263.453786
276.012493
279.755683
283.479306
314.527186
331.112008
331.772608
347.211675
378.844660
387.262629
395.290632
398.069848
408.718201
412.168332
439.320547
441.147450
446.104521
465.114607
470.789698
493.401487
496.275975
499.822735
530.070061
531.414824
531.839306
532.294650
544.353622
550.837187
562.341538
592.847740
601.258610
604.351797
623.798384
655.765332
660.236551
668.699060
676.859487
685.925035
715.736643
717.653557
734.896072
748.570797
770.892864
780.064990
790.198677
801.213606
809.765875
826.315310
840.135850
868.642603
870.539020
877.870792
880.780036
900.388819
901.909380
916.796124
930.710779
932.268455
936.230660
937.129686
951.613184
962.356465
990.973243
993.554104
1003.183456
1004.816470
1005.587965
1014.680982
1021.631586
1024.289530
1024.362279
1028.147899
1045.666715
1056.505677
1070.227477
1084.063306
1086.946549
1098.835625
1117.483353
1135.674053
1137.098922
1147.372015
1153.726433
1177.512661
1191.666654
1203.689624
1207.092630
1209.370699
1238.137546
1264.119756
1268.652528
1272.210309
1298.798799
1319.138005
1330.683281
1339.525156
1355.151972
1362.258393
1372.024641
1374.533851
1394.991320
1408.142627
1426.167380
1429.552060
1456.312080
1475.389195
1483.973099
1488.031261
1492.800203
1519.225023
1529.576738
1539.264975
1543.929316
1547.650707
1575.859931
1578.689560
1594.803339
1609.503765
1610.586904
1615.884609
1630.156974
1640.252772
1649.870325
1670.983771
1676.661180
1678.640389
1700.964462
1701.394400
1705.140801
1732.799559
1738.903201
1743.694902
1754.716986
1760.286960
1764.161944
1795.429663
1810.795228
1816.673385
1826.239810
1856.137883
1871.869889
1877.565803
1887.097725
1897.665053
1913.389249
1917.604456
1925.226462
1925.803256
1928.523521
1936.672627
1946.692414
1948.640270
1951.438682
1979.018336
1979.924433
2011.252371
2012.995986
2034.710616
2042.284560
2042.815330
2046.984651
2073.282902
2080.211865
2081.953153
2088.571333
2102.966483
2130.707512
2133.019645
2142.407904
2147.853725
2164.667188
2194.026412
2196.407702
2214.441679
2218.084740
2225.637697
2251.647045
2254.985323
2255.870831
2281.343334
2287.077530
2290.135215
2297.380332
2306.733890
2307.014866
2317.047052
2337.730676
2347.530089
2349.563581
2361.540207
2381.766444
2389.095273
2411.428946
2414.309989
2417.318663
2426.060470
2431.194365
2440.140969
2442.910770
2471.416218
2475.525544
2481.771825
2505.530725
2506.644206
2526.407461
2537.681224
2548.603987
2570.003293
2581.893132
2598.092314
2599.193951
2614.265956
2617.196891
2629.933699
2638.020904
2652.806490
2660.029731
2675.951919
2681.352598
2682.032284
2690.876796
2694.341712
2723.046560
2749.503072
2750.431416
2753.288325
2760.772008
2762.921352
2784.959960
2805.755169
2816.695978
2817.223541
2832.280403
2849.337607
2859.859154
2880.952062
2882.172894
2885.168780
2911.639726
2915.197076
2936.940479
2941.382999
2946.988911
2953.085669
2968.969719
2970.739443
2977.427687
2991.081348
3000.648905
3019.624812
3022.041927
3030.483909
3062.566602
3077.087722
3086.536105
3092.668547
3108.955964
3124.244795
3132.957301
3142.353156
3153.645808
3155.726896
3186.539732
3188.377327
3218.034777
3218.591190
3242.461795
3247.359318
3248.510925
3279.783990
3286.703892
3297.306818
3311.184815
3342.083911
3352.773271
3353.602363
3372.693039
3404.480849
3407.505999
3408.082529
3409.671264
3419.963051
3435.133174
3462.803348
3465.929423
3478.755929
3488.164776
3488.508346
3496.915812
3508.148129
3519.347253
3527.086164
3529.067864
3554.279000
3561.006917
3573.212959
3592.637647
3605.451298
3621.625273
3624.389866
3627.690333
3654.012040
3677.383666
3682.523744
3686.602344
3689.160747
3717.894695
3721.482526
3738.490963
3748.180424
3755.363393
3779.895138
3795.141454
3801.107622
3810.451884
3822.601333
3841.589386
3849.982233
3850.054665
3871.661241
3872.293532
3880.455035
3890.914306
3902.009652
3903.503038
3931.268446
3956.958104
3959.523643
3959.756093
3967.178601
3969.688247
3990.700075
3999.450964
4001.811747
4014.254392
4021.695166
4024.375699
4043.490307
4052.851354
4058.575912
4070.906905
4082.800059
4091.363999
4114.239888
4125.874461
4146.090239
4158.869004
4177.719670
4180.883653
4193.920922
4197.992540
4210.619652
4225.908508
4234.999982
4240.936748
4273.555502
4289.590014
4293.039752
4304.927132
4336.554036
4343.535166
4359.157621
4367.529462
4397.928755
4398.282836
4420.128087
4425.467991
4428.698402
4453.984765
4460.987662
4490.482645
4491.861316
4502.306126
4509.906676
4524.021746
4555.297758
4557.945604
4563.843385
4586.612335
4617.553069
4619.283388
4627.293591
4644.539278
4649.281599
4673.876899
4680.216238
4681.423467
4694.380343
4711.846125
4728.291489
4742.939260
4761.369966
4773.966851
4775.671216
4783.181043
4784.320060
4804.401476
4827.292589
4835.036097
4838.930892
4850.019734
4866.782537
4867.222111
4888.068259
4893.713936
4893.921138
4896.393602
4927.368948
4945.272281
4947.609467
4959.018466
4960.946696
4991.856086
5003.329874
5023.511102
5029.249529
5054.799362
5056.311507
5059.117971
5084.569731
5093.309723
5095.704324
5114.564624
5115.533604
5136.216431
5145.526553
5161.712667
5161.987190
5170.386725
5175.682856
5188.752174
5206.653982
5225.700615
5230.357059
5236.724229
5248.977248
5268.626514
5279.484944
5290.658570
5297.612549
5297.734443
5300.514230
5331.945097
5334.564290
5363.032228
5365.566059
5388.181087
5391.451651
5403.173144
5422.778834
5432.306380
5434.279555
5439.497065
5443.099222
5452.652600
5483.354205
5499.234013
5499.629363
5514.312455
5524.244157
5535.310592
5543.912354
5544.732246
5555.226075
5565.059953
5575.131836
5605.624284
5608.941077
5610.627099
5613.191831
5631.355196
5634.576555
5640.618790
5653.631386
5662.266891
5666.741372
5679.603744
5696.871741
5699.447074
5716.351025
5727.779175
5733.896560
5757.680044
5765.917370
5771.835848
5789.812071
5819.807869
5826.475011
5830.303889
5834.910788
5850.100550
5852.997463
5882.017698
5883.382436
5902.833592
5909.567500
5913.033508
5935.482075
5936.454300
5937.803685
5943.367460
5956.990113
5969.303920
5975.815960
5981.844730
5992.149609
5992.988617
6007.281514
6036.511607
6036.754745
6046.351757
6067.074371
6099.333642
6100.694885
6105.874579
6129.255217
6154.726788
6160.949870
6163.588355
6173.900827
6180.578039
6191.527947
6207.890593
6219.481926
6223.850936
6241.697911
6256.169339
6261.727809
6285.231244
6307.833628
6317.051486
6317.281684
6318.027633
6323.544483
6333.946226
6351.977605
6370.757228
6375.834108
6384.284284
6403.468147
6417.417065
6425.589445
6425.825555
6442.254357
6448.504552
6479.454285
6482.287294
6508.391472
6509.449681
6537.228692
6540.171030
6571.455309
6575.687064
6591.226149
6591.233620
6601.203928
6616.632522
6633.518082
6641.719029
6648.279328
6665.426108
6675.278613
6682.276526
6682.990805
6697.074147
6705.008789
6707.614575
6728.788995
6734.114081
6737.832158
6749.076366
6760.519816
6760.695134
6761.101339
6774.971160
6791.111902
6791.667848
6814.049066
6823.710767
6825.947819
6841.677086
6854.408597
6867.859345
6886.016555
6908.141719
6909.502670
6917.123347
6922.410921
6947.985830
6966.137166
6974.173629
6976.417762
6979.291187
6981.235289
7012.760730
7030.921142
7041.132873
7044.968652
7048.650816
7054.421274
7076.132664
7076.390085
7085.995696
7108.742208
7109.320026
7112.503628
7115.403786
7131.398196
7138.951883
7141.433752
7142.103450
7174.119210
7177.059072
7196.472856
7205.452341
7226.790707
7237.363674
7244.825025
7250.421038
7267.610150
7276.310996
7297.586902
7304.572350
7312.726798
7328.386506
7360.607469
7360.642014
7378.725878
7390.802258
7416.247953
7419.886946
7446.394442
7449.095124
7450.750456
7471.926197
7481.463846
7513.446882
7514.746730
7527.021500
7546.869294
7564.376599
7566.698399
7578.076111
7578.989387
7580.605237
7582.616208
7609.309214
7638.036472
7639.361787
7647.754989
7668.251560
7691.231926
7698.787780
7706.838898
7714.669821
7728.468720
7729.704212
7744.780217
7752.489095
7761.304977
7766.073192
7782.466235
7787.762561
7794.451625
7800.552211
7825.459230
7850.239200
7856.542697
7856.850670
7857.714684
7887.385317
7899.101955
7911.916810
7917.098336
7918.660518
7931.239565
7932.338989
7950.048688
7966.587354
7980.819922
7984.479670
8011.267365
8012.101968
8021.738716
8042.849699
8051.184432
8073.186388
8074.640594
8088.643661
8104.736142
8117.040563
8119.069299
8121.361594
8130.993253
8134.660486
8142.274324
8163.985211
8166.175365
8185.907769
8186.150947
8196.581726
8228.347344
8232.395013
8242.186603
8251.777483
8259.785157
8291.162617
8297.239829
8320.083323
8323.035961
8340.744577
8348.400330
8352.253957
8354.450716
8385.429033
8386.024400
8392.288848
8407.162756
8417.249700
8430.551404
8431.151430
8438.897878
8447.368862
8450.776558
8457.632237
8462.413216
8478.417567
8492.860635
8499.268559
8511.585626
8517.250949
8518.686340
8541.246115
8542.735980
8573.091686
8575.431942
8584.290735
8597.858433
8600.369158
8605.506387
8627.508633
8634.991312
8635.892764
8646.185929
8651.669204
8667.032744
8670.893466
8680.751160
8696.958922
8717.997019
8727.525541
8734.506687
8759.647501
8767.976660
8774.884031
8785.331942
8790.245629
8790.742737
8821.038632
8840.215793
8842.254808
8846.526535
8850.837429
8853.680887
8882.581949
8889.017317
8894.169363
8902.044114
8913.820324
8921.405376
8944.576157
8956.905714
8974.969183
8987.107707
9004.433585
9004.966886
9010.973906
9028.571719
9036.243294
9050.719781
9054.901128
9065.262770
9069.540473
9100.092332
9120.157424
9121.477256
9132.578182
9163.604559
9176.097243
9188.067102
9194.845863
9225.052821
9229.488885
9254.529587
9256.297344
9268.843363
9282.811181
9286.999313
9316.833526
9321.417323
9331.147558
9336.290494
9348.492933
9353.972809
9379.494319
9388.966717
9391.446505
9410.461851
9427.602510
9442.337570
9446.147926
9448.634604
9457.441834
9471.981797
9495.370563
9501.243674
9501.825071
9505.388080
9515.182733
9523.354214
9532.561229
9556.485499
9565.721462
9568.616767
9590.109165
9597.134084
9612.395192
9626.540545
9657.001842
9659.352378
9667.933891
9679.887481
9689.726786
9721.496541
9721.919084
9722.204308
9736.273870
9752.960542
9774.842595
9776.488415
9783.922279
9791.193399
9815.228132
9823.196675
9830.147032
9846.230558
9856.966728
9874.876962
9884.674444
9906.763340
9923.196833
9937.219955
9937.671040
9937.678837
9944.521005
9969.673320
9990.819192
9993.070968
10000.576899
10029.323479
10031.685249
10046.257677
10058.492269
10061.950997
10093.400310
10099.619635
10108.941474
10124.717210
10127.919948
10140.940217
10152.268751
10155.445950
10155.771415
10187.061504
10194.143417
10211.898828
10218.380415
10226.273939
10236.131482
10249.740291
10254.020379
10261.624165
10268.897242
10281.944438
10283.152471
10283.830531
10311.377492
10313.617622
10323.320253
10328.254467
10342.186633
10346.088611
10373.402407
10377.347816
10378.306132
10383.474331
10394.274814
10406.431760
10432.024525
10436.871206
10443.757635
10462.791484
10467.333512
10485.784455
10499.767185
10514.318472
10528.409472
10529.365564
10530.182702
10540.147332
10559.091979
10583.327947
10589.489176
10595.899399
10596.504505
10597.978001
10620.481259
10649.808297
10650.215269
10653.138287
10663.151806
10673.077963
10673.514556
10679.924085
10694.208097
10703.480936
10710.125473
10730.235926
10740.805751
10760.209976
10772.833431
10787.553405
10796.295697
10802.543177
10807.031782
10815.902290
10822.893127
10833.461371
10861.179705
10862.770282
10871.226312
10893.313748
10894.396374
10924.828580
10926.218752
10928.469601
10956.911372
10980.199527
10988.161347
10996.197679
11018.762898
11033.977281
11049.265031
11064.390474
11078.816832
11090.572157
11098.592658
11108.632273
11131.089861
11138.502478
11145.998207
11146.604961
11148.121645
11170.215752
11198.451834
11200.548336
11200.748689
11210.280832
11230.133625
11249.358571
11255.646582
11262.381841
11265.047857
11268.274458
11291.732705
11297.641195
11310.716598
11322.348205
