0 0 0
0 5 0.025
0 10 0.058
0 15 0.087
0 20 0.118
0 25 0.132
0 30 0.157
0 35 0.189
0 40 0.205
0 45 0.26
0 50 0.271
-2 0 0.412
-2 5 0.433
-2 10 0.486
-2 15 0.381
-2 20 0.404
-2 25 0.392
-2 30 0.427
-2 35 0.453
-2 40 0.469
-2 45 0.377
-2 50 0.403
-4 0 0.793
-4 5 0.813
-4 10 0.847
-4 15 0.863
-4 20 0.944
-4 25 0.938
-4 30 0.904
-4 35 0.876
-4 40 0.543
-4 45 0.739
-4 50 0.91
-6 0 0.954
-6 5 0.954
-6 10 0.88
-6 15 0.944
-6 20 0.925
-6 25 0.925
-6 30 0.945
-6 35 0.894
-6 40 0.933
-6 45 0.902
-6 50 0.904
-8 0 0.954
-8 5 0.945
-8 10 0.945
-8 15 0.949
-8 20 0.93
-8 25 0.919
-8 30 0.942
-8 35 0.876
-8 40 0.927
-8 45 0.911
-8 50 0.926
-10 0 0.954
-10 5 0.946
-10 10 0.945
-10 15 0.942
-10 20 0.741
-10 25 0.927
-10 30 0.938
-10 35 0.916
-10 40 0.942
-10 45 0.918
-10 50 0.919
-12 0 0.954
-12 5 0.946
-12 10 0.943
-12 15 0.931
-12 20 0.9
-12 25 0.904
-12 30 0.888
-12 35 0.862
-12 40 0.847
-12 45 0.8
-12 50 0.784
-14 0 0.954
-14 5 0.932
-14 10 0.928
-14 15 0.893
-14 20 0.877
-14 25 0.861
-14 30 0.845
-14 35 0.809
-14 40 0.794
-14 45 0.739
-14 50 0.728
-16 0 0.954
-16 5 0.932
-16 10 0.91
-16 15 0.886
-16 20 0.856
-16 25 0.849
-16 30 0.826
-16 35 0.791
-16 40 0.767
-16 45 0.725
-16 50 0.7
-18 0 0.954
-18 5 0.93
-18 10 0.9
-18 15 0.871
-18 20 0.845
-18 25 0.825
-18 30 0.81
-18 35 0.766
-18 40 0.75
-18 45 0.696
-18 50 0.671
-20 0 0.954
-20 5 0.929
-20 10 0.899
-20 15 0.867
-20 20 0.841
-20 25 0.82
-20 30 0.796
-20 35 0.753
-20 40 0.745
-20 45 0.692
-20 50 0.664
