42.747518
55.529511
59.397613
101.687939
118.391921
141.915053
148.640950
210.216146
211.393294
254.080720
259.380973
310.363997
319.465238
343.361577
353.468914
372.725166
409.860795
419.973183
433.539913
466.246469
541.125465
567.537452
635.045869
676.301028
698.503645
734.074047
767.597921
772.206667
774.413575
823.731087
833.193781
858.032667
914.311377
926.519878
949.452103
969.280912
1008.888902
1036.465673
1037.768149
1090.664122
1092.747228
1093.171160
1113.196365
1127.886126
1153.892635
1170.700676
1188.692357
1214.546531
1215.228139
1257.372797
1264.795629
1276.693104
1324.052226
1324.505019
1383.801579
1426.538382
1480.722348
1492.899938
1534.492614
1535.520916
1541.172293
1577.702008
1587.668971
1610.832230
1647.999526
1709.133403
1733.612180
1745.805016
1763.692803
1768.813346
1789.501973
1792.688757
1810.197994
1857.435507
1858.122854
1904.650591
1910.896676
1935.215034
1951.578261
1997.717353
2003.046323
2052.888478
2059.128441
2069.597379
2107.405474
2115.765206
2151.882406
2168.899507
2227.584990
2316.516448
2327.940037
2335.533893
2351.483866
2359.659936
2383.120976
2427.872791
2444.566308
2446.300069
2504.706823
2505.379922
2523.343519
2528.202051
2550.642148
2566.404472
2579.206775
2609.302440
2627.618417
2635.314638
2678.681687
2681.926819
2685.689052
2713.598526
2728.775894
2762.092410
2789.659907
2820.614538
2822.901294
2843.684648
2857.504903
2961.563217
2967.940458
3057.266053
3090.107709
3096.060231
3124.989236
3136.257752
3166.968035
3191.023228
3221.744444
3231.044076
3238.386640
3265.035156
3285.911776
3298.903814
3306.868587
3340.705263
3383.539663
3389.257318
3395.408035
3457.266559
3464.553990
3485.030179
3503.603749
3527.379102
3593.965460
3616.684756
3658.963284
3661.908614
3691.928691
3720.027571
3760.332960
3768.254639
3781.564436
3791.549410
3814.518650
3842.051892
3850.699775
3873.497639
3883.928130
3896.706182
3917.602685
3949.814073
3951.976855
3972.059899
4013.053965
4030.768685
4084.960437
4090.332436
4140.964382
4167.933799
4183.536974
4231.636243
4293.352062
4330.870051
4378.604920
4379.054237
4404.660077
4425.318387
4479.991479
4480.863229
4490.653160
4502.872390
4526.878528
4533.279486
4535.906925
4549.441100
4576.631224
4596.457125
4625.714476
4632.811933
4651.009069
4676.239433
4701.222000
4732.533783
4809.827599
4835.837788
4876.418481
4910.988000
4935.966066
4959.407010
4966.252471
5064.031172
5067.280705
5076.166937
5134.049114
5158.069930
5176.840146
5212.015998
5213.657503
5235.006937
5243.129936
5258.001407
5275.205959
5285.216880
5316.259958
5322.405401
5351.929279
5370.335281
5392.509140
5425.590865
5463.461794
5469.265891
5480.915951
5528.004623
5528.354632
5530.388753
5583.253469
5587.119194
5604.020141
5654.515133
5721.515794
5732.278929
5765.896339
5777.970232
5787.038359
5789.332810
5821.460965
5834.505332
5865.439052
5941.651468
5944.960072
5950.781498
6001.078189
6066.946613
6076.627445
6100.424547
6121.861145
6135.834339
6156.477529
6212.065574
6212.142500
6238.002734
6255.762369
6270.341532
6299.263494
6346.728957
6360.289156
6369.266610
6412.032885
6422.486070
6454.313626
6462.628524
6487.687751
6498.199234
6521.212576
6522.892641
6529.813054
6570.486147
6581.235487
6586.302073
6620.202946
6631.780951
6639.357173
6654.128136
6698.187695
6730.098505
6747.448947
6774.197568
6797.408136
6801.856103
6840.868716
6855.794537
6855.951135
6897.392428
6903.446809
6930.496816
6996.732868
7004.959770
7006.033594
7105.178267
7112.291833
7181.146229
7213.068304
7257.062027
7259.868511
7269.107127
7279.727327
7302.273055
7338.516511
7378.066798
7383.868166
7401.455993
7405.623333
7438.368021
7448.845596
7477.524008
7493.225946
7515.998677
7550.555899
7554.332866
7555.382224
7606.600846
7657.609467
7661.990161
7672.583545
7719.426944
7748.686388
7824.558280
7829.388246
7829.767158
7872.471988
7890.234238
7899.991661
7939.193161
7976.206902
7983.404749
7999.041630
8035.126757
8045.635597
8051.002083
8106.362010
8110.399466
8152.277624
8185.528831
8207.964818
8228.695114
8254.785613
8272.760848
8301.619125
8305.785563
8340.438462
8382.033879
8396.111541
8405.161721
8417.042598
8428.193558
8452.981566
8508.875093
8509.972869
8533.184015
8543.511754
8577.308330
8594.207776
8611.434080
8655.167335
8678.474919
8715.817479
8761.895870
8800.362667
8823.368804
8826.467409
8843.657756
8877.138232
8885.160480
8931.988370
8932.742324
8967.010390
8986.623947
9022.910079
9033.735900
9043.541513
9056.631100
9099.965144
9127.045831
9143.012250
9161.382307
9184.437351
9198.783002
9243.227128
9266.583540
9289.881773
9290.427318
9344.087543
9431.638065
9448.686280
9471.696498
9493.441162
9494.348942
9553.819187
9554.270405
9554.958480
9615.642375
9620.457672
9670.817023
9705.049266
9726.703801
9742.225613
9774.378226
9776.268617
9820.202577
9823.041862
9836.277051
9845.938539
9896.458750
9908.451141
9922.170882
9951.479608
9965.060379
9999.663942
10042.089502
10058.728656
10074.275616
10097.191531
10150.134672
10172.854479
10175.372285
10195.350937
10208.535051
10221.732788
10242.197373
10276.177771
10310.413372
10331.427986
10423.397090
10430.670105
10446.415694
10489.612570
10491.191991
10507.653550
10525.180105
10548.863415
10568.668261
10592.605716
10607.596319
10666.291121
10684.938100
10689.188678
10702.484759
10745.153531
10747.169191
10757.537632
10792.058697
10800.187077
10823.140543
10845.717495
10856.040765
10916.795968
10922.433289
10962.790070
10968.252276
10997.659924
11010.428913
11074.417983
11118.242129
11134.205001
11147.336140
11157.478458
11178.453389
11203.380959
11238.659070
11238.937574
11258.918222
11261.474976
11300.490358
11306.284017
11326.122926
11328.943969
11393.753942
11405.297482
11407.590402
11428.149359
11436.558705
11451.725260
11453.845848
11480.075079
11514.461268
11515.420626
11533.491318
11558.383167
11613.666886
11614.964039
11679.401121
11713.126451
11736.021256
11736.233645
11759.574115
11782.194464
11833.894106
11857.945812
11858.604816
11881.115930
11928.258995
11981.712018
11988.884557
12009.178417
12024.612971
12032.529617
12049.994989
12091.587365
12091.720695
12150.636549
12208.837286
12212.193916
12214.696160
12232.291750
12248.883118
12255.624996
12266.522288
12292.214499
12314.724496
12321.601663
12326.756874
12361.237173
12377.549131
12416.186334
12442.409141
12465.552631
12483.589808
12485.620272
12488.488504
12510.935677
12532.550566
12581.197759
12582.855669
12593.110872
12604.298461
12627.169613
12638.534225
12672.692398
12715.134999
12744.688785
12746.588233
12759.229217
12801.135416
12844.881667
12855.364787
12868.546124
12910.420184
12912.565495
12968.179188
12971.467039
13003.047330
13026.674509
13044.547364
13057.983041
13074.273042
13135.588123
13149.013527
13179.791871
13196.469254
13278.130085
13313.212428
13351.048221
13360.631086
13384.497794
13407.887354
13440.076141
13452.371530
13469.076247
13483.448831
13517.072392
13524.552710
13528.349836
13560.399254
13571.841547
13610.119968
13616.295741
13619.341206
13650.402314
13666.603346
13685.538324
13709.111582
13717.519014
13727.658893
13759.552163
13785.975682
13793.709779
13843.805835
13868.072108
13898.980784
13928.189890
13946.490359
13948.720219
13982.820049
14000.342624
14038.417285
14061.035663
14063.307910
14105.733440
14108.261596
14139.405687
14148.298488
14203.944228
14277.856641
14302.597614
14324.848060
14337.074533
14357.204335
14380.172488
14426.424775
14426.537342
14456.497731
14487.767430
14493.783485
14535.575515
14590.882701
14627.654984
14643.847194
14650.266147
14673.319127
14696.758488
14704.794934
14729.303301
14751.153601
14755.547023
14784.652090
14798.639927
14814.293019
14837.154497
14850.814833
14893.600851
14900.640396
14912.731155
14961.327979
14987.976361
14992.186449
15021.850500
15035.561933
15069.368535
15086.840704
15143.565456
15145.450612
15168.417383
15204.040887
15211.876598
15244.102763
15254.089384
15291.018902
15303.070275
15379.450441
15393.746880
15402.033119
15430.123938
15448.278353
15477.771453
15486.879000
15509.747621
15520.906030
15536.782691
15577.451204
15613.399688
15617.393272
15621.241668
15636.423133
15659.608217
15664.556569
15677.862661
15718.941464
15719.663540
15726.230519
15741.988515
15753.955052
15765.024081
15787.104724
15840.470559
15841.425058
15843.601511
15887.128921
15899.185464
15902.143642
15922.658921
15943.622029
15956.230568
15977.399962
15999.352325
16011.280215
16012.007933
16021.207667
16073.225351
16127.921357
16156.409368
16167.935506
16188.724203
16202.166175
16245.300110
16296.250100
16312.720421
16354.514814
16355.943395
16357.210111
16391.067044
16417.980710
16447.905091
16465.886090
16473.157252
16514.283391
16520.542346
16532.489703
16548.845724
16567.080099
16583.617153
16591.220009
16613.671310
16639.965369
16650.456102
16668.460358
16696.694641
16723.413512
16739.861158
16773.133640
16804.079610
16827.612527
16851.483503
16879.157355
16893.591105
16903.232892
16961.247946
16979.577724
16988.228920
16995.611361
17056.119711
17109.201586
17129.196241
17170.293962
17171.882375
17197.279657
17262.582711
17278.906093
17297.592669
17331.684266
17333.643000
17381.811559
17407.048024
17420.570630
17429.722758
17436.663224
17544.840313
17548.097519
17623.826307
17663.154054
17683.089626
17705.698280
17711.266819
17754.416926
17764.300188
17788.412852
17804.531858
17821.925577
17880.334296
17902.970160
17967.159328
17984.613069
17988.122080
18033.798089
18043.322683
18060.743890
18118.688257
18146.719475
18161.543512
18178.410068
18192.703279
18194.927782
18238.155851
18253.631201
18253.851513
18276.135268
18308.397493
18315.849583
18349.444221
18363.270703
18382.958908
18395.000361
18424.431824
18484.085976
18526.248825
18530.310965
18541.056986
18589.424360
18642.561809
18648.554289
18650.773048
18703.633912
18706.260477
18707.947229
18765.414865
18773.311053
18806.495915
18829.296166
18866.524406
18882.550723
18912.968316
18952.444387
18958.548453
18967.509218
18985.864616
19027.404598
19029.295187
19041.815097
19076.654832
19084.634429
19103.494872
19118.468657
19161.627417
19179.191121
19199.193287
19230.278870
19245.835936
19254.919541
19265.117870
19322.257969
19330.260650
19353.103310
19405.633244
19431.658304
19469.562681
19473.809270
19505.367297
19525.191432
19541.746229
19608.799606
19623.625756
19632.703264
19664.007233
19688.372320
19700.710590
19735.097244
19759.105231
19781.829921
19818.749304
19852.069574
19858.580086
19881.630518
19884.853791
19907.382128
19928.713516
19941.438153
19985.285954
20000.712436
20002.517559
20059.970447
20084.532890
20110.230614
20178.027511
20193.580636
20248.768339
20273.161588
20275.963635
20315.573897
20333.996856
20350.968185
20382.560665
20387.785411
20426.928023
20442.850715
20450.368065
20450.378471
20472.816161
20495.646928
20517.770706
20543.376484
20585.413954
20605.012299
20641.338072
20646.380066
20660.499560
20669.878609
20717.874054
20746.020509
20760.624438
20803.425357
20804.688553
20827.078261
20870.143379
20877.462070
20885.388848
20939.008669
20993.909011
21020.309259
21025.554292
21040.569214
21101.233927
21148.199407
21155.106394
21180.741697
21194.670509
21213.662706
21247.857157
21289.417630
21296.644167
21335.129538
21338.865970
21351.134371
21372.380608
21411.398856
21415.553234
21452.535406
21472.037357
21487.389890
21506.105817
21507.683014
21546.467751
21568.043855
21605.074687
21616.144919
21630.525413
21671.110297
21680.181619
21731.162032
21739.031212
21763.043942
21764.577849
21777.920095
21798.292376
21838.403338
21865.655150
21893.415606
21909.585285
21914.820032
21939.972403
21976.426002
21990.602475
22044.175616
22049.561820
22071.925404
22100.213594
22147.854955
22201.946665
22222.479691
22262.422542
22299.105656
22309.053155
22322.043251
22345.399453
22357.581344
22364.929372
22391.356277
22405.100852
22411.563450
22434.543789
22466.852802
22524.339235
22528.004212
22558.827375
22583.053030
22585.852414
22608.778520
22637.379632
22667.917701
22683.169177
22707.930736
22723.349545
22729.879706
22766.981914
22784.662659
22789.715606
22824.027998
22842.225037
22845.527879
22865.643031
22900.162893
22925.107998
22965.425049
22968.871908
22988.143140
23002.699048
23036.127777
23064.163639
23069.686921
23079.202614
23112.066496
23124.649207
23140.855585
23171.635857
23179.482125
23219.222230
23235.596615
23265.630234
23277.836257
23292.419927
23315.409497
23325.867488
23333.736462
23372.683566
23373.849870
23390.030641
23419.605345
23423.567358
23466.500466
23489.961162
23513.150045
23531.872389
23546.086442
23608.264485
23613.832906
23614.439280
23631.282737
23661.814925
23669.971922
23708.190909
23712.826669
