31.595709
54.588886
62.124360
67.436016
94.489758
110.148955
126.673058
132.514579
156.800891
165.124232
186.957809
198.621760
219.590314
220.347355
251.555858
263.453786
276.012493
283.479306
314.527186
331.112008
331.772608
347.211675
378.844660
387.262629
398.069848
408.718201
439.320547
441.147450
465.114607
470.789698
496.275975
499.822735
530.070061
532.294650
550.837187
562.341538
592.847740
604.351797
623.798384
655.765332
660.236551
668.699060
685.925035
715.736643
717.653557
734.896072
748.570797
770.892864
780.064990
801.213606
809.765875
826.315310
840.135850
868.642603
870.539020
880.780036
900.388819
930.710779
936.230660
937.129686
962.356465
990.973243
993.554104
1004.816470
1024.362279
1045.666715
1056.505677
1070.227477
1086.946549
1098.835625
1117.483353
1135.674053
1147.372015
1153.726433
1177.512661
1203.689624
1207.092630
1209.370699
1238.137546
1264.119756
1268.652528
1272.210309
1298.798799
1319.138005
1330.683281
1339.525156
1362.258393
1374.533851
1394.991320
1408.142627
1426.167380
1429.552060
1456.312080
1475.389195
1483.973099
1519.225023
1539.264975
1543.929316
1578.689560
1594.803339
1609.503765
1610.586904
1640.252772
1649.870325
1670.983771
1676.661180
1700.964462
1732.799559
1743.694902
1760.286960
1764.161944
1795.429663
1810.795228
1816.673385
1826.239810
1856.137883
1871.869889
1877.565803
1887.097725
1917.604456
1925.803256
1946.692414
1948.640270
1979.018336
1979.924433
2011.252371
2012.995986
2034.710616
2042.284560
2073.282902
2080.211865
2102.966483
2133.019645
2142.407904
2147.853725
2164.667188
2194.026412
2196.407702
2214.441679
2225.637697
2251.647045
2255.870831
2281.343334
2287.077530
2306.733890
2317.047052
2347.530089
2349.563581
2361.540207
2381.766444
2411.428946
2414.309989
2417.318663
2442.910770
2471.416218
2475.525544
2481.771825
2506.644206
2526.407461
2537.681224
2548.603987
2570.003293
2581.893132
2599.193951
2614.265956
2629.933699
2638.020904
2660.029731
2681.352598
2690.876796
2723.046560
2750.431416
2753.288325
2784.959960
2805.755169
2816.695978
2817.223541
2849.337607
2859.859154
2882.172894
2885.168780
2911.639726
2915.197076
2941.382999
2953.085669
2968.969719
2970.739443
3000.648905
3019.624812
3022.041927
3030.483909
3062.566602
3077.087722
3086.536105
3092.668547
3124.244795
3132.957301
3153.645808
3155.726896
3186.539732
3188.377327
3218.034777
3218.591190
3242.461795
3248.510925
3279.783990
3286.703892
3297.306818
3311.184815
3342.083911
3352.773271
3353.602363
3372.693039
3404.480849
3409.671264
3419.963051
3435.133174
3462.803348
3465.929423
3488.164776
3496.915812
3519.347253
3529.067864
3554.279000
3561.006917
3573.212959
3592.637647
3621.625273
3624.389866
3627.690333
3654.012040
3682.523744
3686.602344
3689.160747
3717.894695
3738.490963
3748.180424
3755.363393
3779.895138
3795.141454
3810.451884
3822.601333
3841.589386
3849.982233
3872.293532
3890.914306
3902.009652
3903.503038
3931.268446
3956.958104
3959.523643
3959.756093
3990.700075
4014.254392
4021.695166
4024.375699
4052.851354
4070.906905
4114.239888
4125.874461
4146.090239
4158.869004
4177.719670
4180.883653
4210.619652
4225.908508
4234.999982
4240.936748
4273.555502
4289.590014
4293.039752
4304.927132
4336.554036
4343.535166
4359.157621
4367.529462
4397.928755
4398.282836
4425.467991
4428.698402
4453.984765
4460.987662
4490.482645
4491.861316
4509.906676
4524.021746
4555.297758
4557.945604
4563.843385
4586.612335
4617.553069
4619.283388
4627.293591
4649.281599
4673.876899
4680.216238
4694.380343
4711.846125
4728.291489
4742.939260
4761.369966
4773.966851
4783.181043
4804.401476
4827.292589
4835.036097
4838.930892
4866.782537
4893.713936
4893.921138
4896.393602
4927.368948
4947.609467
4959.018466
4960.946696
5003.329874
5023.511102
5029.249529
5054.799362
5059.117971
5084.569731
5095.704324
5114.564624
5115.533604
5145.526553
5170.386725
5175.682856
5206.653982
5225.700615
5236.724229
5268.626514
5279.484944
5297.734443
5300.514230
5331.945097
5334.564290
5363.032228
5365.566059
5388.181087
5391.451651
5422.778834
5432.306380
5443.099222
5452.652600
5483.354205
5499.234013
5499.629363
5514.312455
5543.912354
5555.226075
5565.059953
5575.131836
5605.624284
5608.941077
5631.355196
5634.576555
5662.266891
5666.741372
5696.871741
5699.447074
5716.351025
5727.779175
5757.680044
5765.917370
5771.835848
5789.812071
5819.807869
5826.475011
5834.910788
5850.100550
5882.017698
5883.382436
5902.833592
5913.033508
5937.803685
5969.303920
5975.815960
5992.149609
6007.281514
6036.511607
6036.754745
6046.351757
6067.074371
6100.694885
6105.874579
6129.255217
6154.726788
6160.949870
6173.900827
6191.527947
6207.890593
6223.850936
6241.697911
6256.169339
6285.231244
6307.833628
6317.281684
6318.027633
6351.977605
6370.757228
6384.284284
6417.417065
6425.825555
6442.254357
6448.504552
6479.454285
6482.287294
6508.391472
6509.449681
6537.228692
6540.171030
6571.455309
6575.687064
6591.226149
6601.203928
6633.518082
6641.719029
6648.279328
6665.426108
6697.074147
6705.008789
6707.614575
6728.788995
6760.519816
6774.971160
6791.667848
6814.049066
6823.710767
6841.677086
6867.859345
6886.016555
6908.141719
6917.123347
6922.410921
6947.985830
6974.173629
6976.417762
6979.291187
7012.760730
7030.921142
7041.132873
7044.968652
7076.132664
7085.995696
7108.742208
7109.320026
7141.433752
7142.103450
7174.119210
7177.059072
7196.472856
7205.452341
7237.363674
7244.825025
7250.421038
7267.610150
7297.586902
7304.572350
7312.726798
7328.386506
7360.607469
7360.642014
7378.725878
7390.802258
7416.247953
7419.886946
7446.394442
7450.750456
7471.926197
7481.463846
7514.746730
7527.021500
7546.869294
7578.076111
7582.616208
7609.309214
7638.036472
7639.361787
7647.754989
7691.231926
7698.787780
7714.669821
7729.704212
7744.780217
7761.304977
7782.466235
7794.451625
7800.552211
7825.459230
7850.239200
7856.542697
7856.850670
7911.916810
7917.098336
7918.660518
7950.048688
7966.587354
7980.819922
7984.479670
8011.267365
8021.738716
8042.849699
8051.184432
8073.186388
8074.640594
8104.736142
8117.040563
8130.993253
8134.660486
8166.175365
8185.907769
8186.150947
8196.581726
8228.347344
8242.186603
8251.777483
8259.785157
8297.239829
8320.083323
8323.035961
8352.253957
8354.450716
8385.429033
8386.024400
8407.162756
8417.249700
8447.368862
8450.776558
8462.413216
8478.417567
8511.585626
8517.250949
8518.686340
8542.735980
8573.091686
8584.290735
8605.506387
8627.508633
8635.892764
8651.669204
8667.032744
8680.751160
8717.997019
8727.525541
8734.506687
8759.647501
8785.331942
8790.245629
8790.742737
8821.038632
8846.526535
8850.837429
8853.680887
8882.581949
8902.044114
8913.820324
8921.405376
8944.576157
8956.905714
8974.969183
8987.107707
9004.966886
9010.973906
9036.243294
9054.901128
9065.262770
9069.540473
9100.092332
9120.157424
9121.477256
9132.578182
9163.604559
9176.097243
9188.067102
9194.845863
9225.052821
9229.488885
9254.529587
9256.297344
9282.811181
9286.999313
9316.833526
9321.417323
9336.290494
9348.492933
9379.494319
9388.966717
9391.446505
9410.461851
9442.337570
9446.147926
9457.441834
9471.981797
9501.243674
9501.825071
9523.354214
9532.561229
9556.485499
9565.721462
9590.109165
9597.134084
9612.395192
9626.540545
9657.001842
9667.933891
9689.726786
9721.496541
9721.919084
9722.204308
9752.960542
9776.488415
9783.922279
9791.193399
9815.228132
9830.147032
9846.230558
9856.966728
9874.876962
9884.674444
9906.763340
9937.671040
9937.678837
9969.673320
9990.819192
9993.070968
10000.576899
10031.685249
10046.257677
10058.492269
10061.950997
10093.400310
10099.619635
10124.717210
10127.919948
10155.445950
10155.771415
10187.061504
10211.898828
10218.380415
10249.740291
10261.624165
10268.897242
10281.944438
10311.377492
10323.320253
10328.254467
10342.186633
10373.402407
10377.347816
10394.274814
10406.431760
10432.024525
10436.871206
10462.791484
10485.784455
10499.767185
10529.365564
10530.182702
10540.147332
10559.091979
10589.489176
10595.899399
10596.504505
10620.481259
10649.808297
10650.215269
10663.151806
10679.924085
10703.480936
10710.125473
10730.235926
10740.805751
10760.209976
10772.833431
10796.295697
10802.543177
10815.902290
10833.461371
10861.179705
10862.770282
10871.226312
10893.313748
10924.828580
10928.469601
10956.911372
10980.199527
10988.161347
10996.197679
11018.762898
11033.977281
11049.265031
11064.390474
11078.816832
11090.572157
11108.632273
11131.089861
11138.502478
11145.998207
11170.215752
11198.451834
11200.548336
11200.748689
11230.133625
11255.646582
11262.381841
11265.047857
11291.732705
11310.716598
11322.348205
11331.992847
11355.126901
11364.893343
11386.828297
11397.821464
11418.097760
11420.116207
11449.402061
11465.386822
11475.640222
11480.915645
11513.357726
11532.050951
11532.841201
11545.516480
11576.285613
11586.735193
11600.299694
11607.382966
11671.058223
11696.432065
11703.031463
11731.050458
11735.417634
11750.980396
11766.523572
11796.450074
11797.787245
11805.187404
11827.749639
11858.552723
11859.551285
11863.611540
11891.311479
11911.621600
11922.256954
11930.187824
11952.237429
11967.354483
11982.950545
11997.403694
12013.080374
12021.494172
12043.665251
12064.828712
12075.321632
12076.323797
12105.152068
12130.752564
12131.639069
12135.491502
12167.534210
12185.077870
12198.058878
12198.686400
12228.887910
12240.841054
12261.602088
12264.841398
12292.952876
12295.685329
12325.592844
12331.436390
12351.758784
12356.335487
12386.949337
12407.332980
12417.373648
12448.070932
12462.369296
12464.458914
12479.814595
12509.673050
12517.751129
12529.406992
12541.106034
12571.435902
12573.204079
12598.182369
12605.902687
12625.407992
12636.669295
12665.108755
12668.039752
12681.209420
12698.570360
12732.501156
12737.129779
12760.785006
12791.701583
12798.493910
12823.222420
12848.475845
12863.966997
12884.751678
12904.479146
12913.882664
12930.030493
12944.966169
12960.001425
12975.669434
12997.399818
13005.563996
13013.847242
13035.214583
13064.038801
13066.036947
13067.952739
13096.649214
13122.671042
13125.926074
13128.787663
13157.163833
13176.613390
13189.034361
13196.693691
13221.307834
13231.017722
13251.912412
13264.123249
13281.690838
13285.958473
13314.035315
13332.016859
13341.844905
13344.970358
13376.310220
13397.482726
13398.367095
13408.396372
13440.348286
13452.494209
13464.487609
13470.546495
13503.081620
13508.204440
13532.039302
13535.622939
13563.623899
13568.183041
13598.343262
13599.885588
13616.822841
13631.871165
13660.783877
13665.366648
13673.815177
13693.160983
13722.231251
13728.059014
13732.361007
13752.334018
13783.995889
13784.371213
13799.486691
13813.677468
13839.809133
13845.524996
13867.174922
13878.823378
13895.705338
13909.200831
13934.361349
13940.991034
13949.634327
13973.744606
14002.839154
14003.073337
14004.120924
14036.266651
14060.116104
14065.620416
14070.733145
14097.162436
14116.172308
14126.483639
14137.998270
14157.822134
14170.831830
14189.321232
14204.485205
14220.507644
14225.593458
14250.226201
14272.790001
14279.777379
14311.585840
14336.094269
14338.918893
14342.650521
14373.802798
14391.565260
14404.657700
14404.944163
14435.507217
14466.157088
14470.672741
14497.654907
14500.393314
14527.368278
14536.686449
14555.183161
14590.398242
14603.370347
14610.565610
14621.137898
14651.777435
14665.422073
14670.504566
14683.725709
14715.943058
14721.161513
14737.801811
14745.417424
14774.620053
14775.579952
14804.798122
14806.769788
14829.797297
14835.792421
14867.429749
14870.192349
14886.169181
14898.092366
14928.396256
14940.842452
14958.664839
14988.192143
14994.952018
15003.670626
15019.767145
15050.325807
15051.028223
15070.498967
15080.901408
15105.758727
15136.871115
15141.769947
15160.404836
15172.066280
15201.753647
15202.834653
15215.227527
15233.769254
15266.008671
15269.858039
15269.886458
15298.115754
15323.796344
15331.172596
15336.170791
15362.980843
15379.751909
15394.049703
15402.125930
15425.203783
15455.708575
15469.829250
15490.417701
15517.515949
15536.593401
15544.442226
15547.353884
15600.571840
15603.244895
15608.172941
15639.766291
15670.344688
15671.575829
15702.532498
15708.326924
15732.229597
15737.797716
15762.420952
15763.776443
15795.742526
15806.414110
15816.416104
15826.984357
15857.958485
15871.511931
15872.898903
15889.296095
15920.325426
15926.644555
15937.803184
15951.609008
15982.152065
15983.139884
16005.473704
16012.869279
