45085
60175
89933
120227
134728
179800
180243
224853
240351
269771
300394
314900
359892
360453
404822
420503
449842
480484
494853
539811
540581
584700
600585
629910
660572
674882
719971
720806
765033
781021
810172
840798
855066
900048
900818
945130
960853
990133
1020660
1035008
1079966
1080614
1124975
1140662
1169957
1200686
1215194
1260088
1260746
1305273
1320633
1350371
1380715
1395355
1440248
1440617
1485273
1500651
1530378
1560539
1575258
1620170
1620439
1665186
1680431
1710168
1740433
1755117
1800118
1800483
1845182
1860378
1890177
1920433
1935214
1980153
1980483
2025098
2040500
2070274
2100574
2115314
2160248
2160597
2205175
2220591
2250167
2280519
2295222
2340388
2340496
2385276
2400456
2430171
2460574
2475001
2519982
2520551
2564993
2580646
2610005
2640737
2654885
2699938
2700704
2745087
2760794
2790128
2820818
2835135
2880023
2880664
2925000
2940631
2969867
3000590
3015010
3060008
3060511
3104938
3120456
3149910
3180403
3194808
3239876
3240296
3284777
3300399
3329694
3360379
3374805
3419770
3420468
3464709
3480491
3509583
3540492
3554794
3599873
3600442
3644603
3660353
3689736
3720349
3734759
3779854
3780552
3824923
3840526
3870140
3900603
3915238
3960342
3960699
4005315
4020759
4050413
4080691
4095387
4140379
4140631
4185211
4200542
4230289
4260686
4275452
4320485
4320727
4365664
4380737
4410683
4440959
4455574
4500557
4500990
4545553
4561177
4590639
4621292
4635615
4680558
4681285
4725575
4741152
4770630
4801193
4815802
4860817
4861072
4905897
4921030
4950912
4981109
4995685
5040607
5041005
5085665
5101028
5130749
5161013
5175730
5220737
5220973
5265731
5280931
5310624
5340815
5355518
5400363
5400821
5445461
5460731
5490543
5520856
5535426
5580395
5580780
5625299
5640769
5670165
5700667
5715086
5759886
5760834
5804819
5820765
5849895
5880600
5894789
5939667
5940462
5984674
6000364
6029543
6060355
6074658
6119670
6120222
6164869
6180253
6209949
6240076
6255062
6300093
6300238
6345138
6360193
6390140
6420193
6435107
6479967
6480276
6524921
6540140
6569774
6600194
6614804
6659761
6660302
6704762
6720351
6749783
6780432
6794730
6839825
6840500
6884717
6900464
6929676
6960668
6974553
7019612
7020591
7064678
7080547
7109761
7140272
7154902
7199920
7200316
7244959
7260363
7289989
7320429
7334959
7379921
7380597
7424959
7440446
7470049
7500513
7514999
7560019
7560662
7604927
7620688
7650111
7680658
7695250
7740143
7740517
7784933
7800481
7829848
7860371
7874846
7919657
7920266
7964780
7980205
8009772
8040186
8054684
8099579
8100248
8144657
8160292
8189578
8220441
8234611
8279708
8280444
8324800
8340510
8369652
8400401
8414485
8459395
8460298
8504467
8520308
8549515
8580487
8594521
8639552
8640466
8684592
8700712
8729600
8760583
8774577
8819461
8820758
8864355
8880940
8909348
8940863
8954395
8999499
9000733
9044766
9060584
9089726
9120601
9134772
9179851
9180628
9224928
9240771
9270019
9300856
9314859
9359809
9360957
9404876
9420889
9449863
9480982
9494714
9539696
9541020
9584702
9600769
9629559
9660790
9674673
9719541
9720681
9764574
9780600
9809600
9840375
9854585
9899453
9900248
9944457
9960207
9989350
10020204
10034397
10079476
10080189
10124474
10140299
10169499
10200424
10214702
10259672
10260392
10304693
10320372
10349621
10380494
10394640
10439662
10440547
10484663
10500575
10529618
10560357
10574658
10619635
10620318
10664504
10680401
10709521
10740418
10754734
10799725
10800340
10844581
10860358
10889684
10920461
10934540
10979359
10980504
11024379
11040372
11069369
11100243
11114241
11159235
11160356
11204262
11220378
11249290
11280376
11294202
11339350
11340261
11384148
11400248
11429378
11460340
11474418
11519558
11520444
11564742
11580562
11609763
11640523
11654649
11699620
11700437
11744630
11760499
11789712
11820390
11834697
11879545
11880412
11924430
11940302
11969407
12000387
12014459
12059225
12060431
12104278
12120686
12149329
12180640
12194416
12239375
12240577
12284457
12300620
12329484
12360771
12374200
12419074
12420847
12464185
12480823
12509023
12540941
12553971
12598824
12600893
12643798
12660767
12688772
12720811
12733633
12778594
12780776
12823428
12840784
12868439
12900865
12913475
12958708
12960765
13003668
13020971
13048475
13080962
13093265
13138169
13140898
13183076
13200905
13228104
13260759
13273327
13318376
13320777
13363314
13380898
13408172
13440772
13453033
13498130
13500713
13543240
13560760
13588349
13620814
13633337
13678433
13680759
13723477
13740672
13768273
13800659
13813424
13858300
13860605
13903261
13920649
13948222
13980550
13993284
14038253
14040701
14083149
14100684
14128056
14160556
14173079
14218191
14220749
14262964
14280870
14308067
14340931
14352939
14397890
14401011
14442991
14461050
14488042
14521224
14532977
14577996
14581378
14622961
14641383
14667873
14701424
14712821
14757818
14761618
14802947
14821517
14847858
14881567
14892796
14937745
14941554
14982748
15001572
15027939
15061754
15072920
15117947
15121825
15162949
15181820
15207995
15241736
15252994
15298071
15301947
15343119
15361954
15387789
15421877
15432643
15477660
15481656
15522721
15541735
15567727
15601804
15612581
15657527
15661866
15702503
15721914
15747369
15782010
15792141
15837127
15842056
15881983
15902055
15926948
15962311
15971827
16016836
16022258
16061821
16082076
16106723
16142039
16151850
16196841
16202149
16241791
16262296
16286724
16322356
16331869
16376854
16382410
16421641
16442564
16466641
16502575
16511808
16556943
16562785
16601865
16622836
16646900
16682900
16691916
16737004
16742847
16782146
16802905
16827193
16862892
16872240
16917279
16922978
16962209
16983023
17007074
17042978
17052035
17097068
17102992
17142079
17162958
17187193
17222880
17232182
17277272
17282896
17322242
17342799
17367313
17402941
17412245
17457319
17463100
17502375
17523144
17547245
17583339
17592261
17637256
17643247
17682301
17703231
17727308
17763328
17772206
17817252
17823153
17862356
17883111
17907310
17943043
17952539
17997645
18003143
18042597
18062999
18087552
18122872
18132607
18177401
18182961
18222421
18243021
18267398
18302893
18312403
18357516
18362872
18402597
18422880
18447432
18482763
18492570
18537529
18542964
18582450
18603003
18627463
18663110
18672644
18717691
18723194
18762768
18783267
18807729
18843274
18852766
18897879
18903187
18942879
18963312
18987831
19023145
19032764
19077777
19083241
19122762
19143155
19167464
19202990
19212608
19257700
19263055
19302700
19323133
19347699
19383106
19392742
19437573
19443031
19482724
19503027
19527674
19562894
19572526
19617600
19622890
19662728
19683015
19707859
19743040
19752895
19797738
19802894
19842838
19862978
19887886
19922899
19932733
19977730
19982872
20022688
20042936
20067513
20102854
20112469
20157309
20162840
20202362
20222860
20247362
20282838
20292353
20337353
20342901
20382422
20402955
20427560
20463010
20472423
20517503
20522913
20562491
20582947
20607368
20642946
20652298
20697407
20702967
20742492
20762889
20787475
20822954
20832440
20877330
20883112
20922301
20943073
20967252
21002855
21012063
21057010
21062814
21102121
21122661
21147240
21182843
21192338
21237265
21242961
21282128
21303122
21327148
21362974
21372083
21416906
21423031
21461902
21482981
21506934
21542894
21551854
21597048
21602933
21641979
21662876
21687189
21722895
21732375
21777420
21782858
21822476
21842889
21867430
21902728
21912482
21957535
21962594
22002601
22022549
22047608
22082478
22092666
22137776
22142571
22182625
22202475
22227609
22262471
22272754
22317764
22322552
22362609
22382358
22407545
22442178
22452567
22497479
22502067
22542466
22562061
22587415
22622137
22632612
22677579
22682057
22722605
22741921
22767688
22801872
22812727
22857784
22861743
22902848
22921915
22947773
22981992
22992825
23037790
23042026
23082614
23102084
23127619
23162049
23172565
23217465
23222204
23262426
23282101
23307488
23342004
23352384
23397598
23401996
23442467
23461946
23487514
23521931
23532586
23577662
23581838
23622736
23641628
23667676
23701708
23712730
23757765
23761803
23802970
23821845
23847731
23881964
23892928
23938018
23941931
23983112
24001800
24028042
24061790
24073032
24118119
24121749
24163170
24181967
24208239
24242162
24253004
24297884
24302141
24342710
24362136
24387679
24422017
24432618
24477565
24481987
24522555
24541788
24567589
24601673
24612658
24657582
24661695
24702356
24721678
24747268
24781690
24792184
24837090
24841856
24882050
24901835
24927158
24961848
24972173
25017064
25021850
25062004
25081784
25107158
25141694
25152168
25197061
25201755
25241971
25261954
25286805
25321989
25331952
25376792
25382066
25421845
25442120
25466938
25502139
25512043
25556970
25562083
25602117
25622030
25647207
25681893
25692196
25737184
