27.185608
37.687798
50.864536
91.340281
159.734371
163.637183
191.265723
227.390640
422.230577
463.791622
472.538933
480.467863
502.422724
562.467528
573.866819
639.967799
709.869751
733.110468
748.003226
778.804761
860.656441
922.220647
926.221345
935.619724
950.979914
964.224817
971.820954
1011.984060
1016.827213
1085.362690
1109.778553
1111.000750
1123.557720
1159.513377
1170.714029
1218.998753
1244.028374
1301.258177
1314.817349
1350.653006
1387.862328
1413.376758
1440.367476
1477.172894
1480.914949
1523.597230
1536.079090
1578.653145
1641.687243
1691.160684
1725.113509
1781.718347
1802.449964
1861.126061
1864.066648
1875.144004
1896.066373
1901.398919
1911.692227
1959.180670
2024.891509
2058.501033
2060.080228
2162.628236
2291.598708
2348.715405
2391.651535
2619.924560
2712.803046
2791.105051
2831.306295
2836.724243
2871.190549
2885.553041
2914.143257
2977.409988
2991.013606
3025.820963
3083.511152
3099.207893
3148.697933
3163.394188
3176.540806
3181.812398
3210.554970
3266.282088
3269.078456
3297.246741
3306.896775
3331.551105
3364.603220
3523.813074
3530.285708
3635.080221
3707.380666
3720.862764
3721.275593
3761.588334
3782.025191
3815.092205
3825.879464
3853.072664
3879.587400
3909.461234
3921.937754
3944.784697
4002.163281
4106.037355
4128.333935
4191.414042
4250.169777
4258.641795
4259.935615
4305.290004
4311.630167
4344.437898
4379.610310
4405.847541
4437.756568
4448.333902
4463.893325
4475.030224
4481.389677
4534.600085
4554.348686
4565.101948
4659.837131
4667.329042
4682.879459
4699.945601
4721.539332
4776.071384
4791.152068
4792.951478
4804.724971
4836.575053
4846.824913
4890.003326
5013.015762
5033.623233
5090.727715
5144.982447
5159.872241
5188.656829
5195.759927
5200.641821
5244.311125
5317.249004
5321.389611
5346.213979
5383.118055
5395.387774
5406.199000
5530.535416
5562.106545
5570.149788
5596.418685
5616.330500
5634.754782
5692.526296
5728.832908
5803.791777
5866.977637
5882.608936
5886.804827
5949.922446
5985.768245
5988.152889
6042.840303
6065.369228
6067.385949
6112.707579
6140.945217
6168.599154
6193.528391
6194.261113
6247.238126
6253.313122
6261.290296
6296.023298
6344.396098
6432.741298
6442.323540
6446.370572
6483.170223
6542.167653
6593.882573
6624.731623
6637.511255
6645.887127
6708.410546
6715.068650
6726.125455
6781.309003
6902.249307
6951.849416
6978.302161
6987.863846
7000.552736
7110.700451
7168.434977
7182.279843
7189.783538
7219.372596
7277.820572
7327.888792
7357.670385
7369.847122
7418.656107
7481.820464
7534.012551
7544.435986
7547.898974
7583.814137
7599.956953
7641.949909
7642.233312
7671.368606
7712.181992
7723.348405
7736.377717
7771.472390
7790.565250
7829.969047
7906.091499
7925.048114
7940.252793
7958.563451
7983.412801
8023.615624
8078.676054
8097.557923
8197.155017
8274.956774
8322.105613
8377.384561
8466.857156
8487.217843
8498.276238
8501.809323
8619.161443
8622.354269
8650.730367
8698.998170
8708.461478
8813.276573
8819.227383
8831.476203
8894.216853
8926.923094
8965.835720
9002.865324
9012.836048
9162.627272
9181.304333
9193.945144
9251.505850
9276.806731
9292.286212
9313.104663
9363.293044
9409.370080
9463.306896
9478.969995
9539.955179
9575.384762
9632.870983
9642.821584
9658.794577
9722.689661
9724.139053
9738.127496
9773.204761
9785.108393
9874.068148
9883.466731
9909.128478
9912.911546
9921.685891
9947.530093
10019.442664
10101.713387
10120.400744
10142.019186
10191.510642
10252.409624
10289.336330
10297.270794
10377.574997
10412.056217
10494.779915
10558.696701
10562.845223
10578.861612
10647.693351
10680.186339
10681.296457
10814.249064
10827.436664
10836.008368
10862.734041
10932.920301
11002.310666
11012.232399
11055.192409
11114.972858
11127.042760
11150.686323
11197.008860
11201.671679
11209.894822
11250.823426
11269.901910
11299.714734
11307.616442
11308.337957
11362.290642
11372.535803
11375.781359
11387.953222
11478.844635
11516.806693
11527.795296
11569.318724
11587.354871
11604.719257
11661.249992
11682.697787
11744.105995
11753.817621
11789.055821
11832.370956
11845.747327
11893.907633
11902.991293
11924.497436
11989.357738
12007.637614
12029.527494
12042.740082
12087.018321
12090.142875
12107.105712
12142.012256
12156.332856
12277.231587
12292.453882
12304.483145
12338.585984
12395.504991
12450.143416
12462.519320
12475.214317
12488.145526
12514.852818
12564.782168
12616.488712
12658.613613
12680.597353
12721.652190
12753.325980
12765.892585
12835.673098
12858.397093
12926.599368
12950.946844
13030.537269
13034.240937
13079.272820
13180.572646
13218.020638
13230.693045
13234.989048
13299.692909
13305.616619
13325.238001
13415.057293
13453.105294
13493.664333
13585.339494
13598.466885
13608.746094
13616.426077
13633.028118
13654.523142
13689.068353
13760.285120
13782.578023
13865.531344
13874.214994
13876.463926
13970.433562
14006.348342
14009.139523
14142.468609
14143.656897
14155.010609
14318.284309
14338.416784
14424.394192
14470.851712
14516.871406
14546.824541
14585.102200
14602.075302
14607.333327
14639.463618
14782.600838
14796.349287
14804.033499
14839.579467
14863.419678
14876.215468
14910.665681
14936.494979
15019.121750
15041.828867
15071.741476
15089.048997
15154.745889
15237.227172
15272.632778
15305.781810
15348.398781
15372.285632
15401.067795
15410.996072
15424.793935
15517.965563
15618.846060
15708.088498
15734.305940
15741.719330
15768.439580
15769.859360
15781.825473
15816.281639
15966.323289
16013.447578
16051.722010
16060.996338
16151.655897
16183.138382
16190.355145
16213.470733
16215.264921
16250.090352
16294.148165
16311.385246
16319.113812
16324.098135
16346.237289
16359.788463
16406.636215
16440.540170
16475.529396
16497.499601
16534.566631
16544.105346
16552.495391
16601.073278
16638.472492
16663.628363
16679.832854
16691.983424
16745.542583
16787.000555
16794.043861
16864.363647
16912.676599
16935.254320
16950.896232
16973.218217
17005.089818
17014.582845
17055.122295
17074.959246
17102.153664
17104.090627
17156.772798
17160.657836
17202.480870
17234.419358
17282.246126
17340.773421
17382.097403
17422.067466
17464.930307
17472.480303
17477.833719
17530.076717
17550.417539
17553.162439
17579.136142
17613.649613
17621.749068
17639.314923
17655.229997
17841.486199
17858.978207
17900.291169
17981.116683
18008.535723
18024.930728
18034.794105
18070.608446
18078.257494
18114.960290
18116.013798
18154.524790
18167.213550
18167.922219
18203.816727
18261.343942
18302.047263
18338.048359
18351.199149
18383.857148
18385.016332
18494.565514
18502.105799
18514.757018
18528.980498
18564.437123
18579.012804
18580.178515
18632.162235
18693.471953
18717.527727
18811.321712
18836.645689
18891.970985
18892.227663
18906.709483
18943.481534
18956.523824
19002.764492
19035.481427
19049.628897
19083.812002
19090.193308
19151.622859
19154.432463
19308.708613
19309.001790
19399.991476
19458.601559
19470.719842
19503.712195
19509.214316
19519.703203
19557.757157
19564.770919
19629.885719
19633.985598
19679.243130
19704.359941
19736.207775
19776.452616
19788.181430
19814.048507
19827.622613
19881.440317
19901.258667
19922.910244
19943.441410
19989.277303
19989.683375
20045.581350
20049.623667
20092.824317
20105.220689
20187.216038
20196.653548
20230.771104
20249.576054
20270.658615
20286.499069
20363.604954
20365.092959
20372.432125
20375.986601
20411.121682
20423.724555
20467.685054
20468.551035
20520.655666
20548.647687
20559.680289
20560.483295
20592.205663
20645.086460
20651.987033
20678.067391
20717.679813
20764.927794
20772.390124
20817.828867
20820.860775
20842.855088
20846.730399
20882.766954
20905.844641
20940.837953
21033.402930
21043.873672
21076.446221
21088.694366
21124.324789
21183.247511
21189.610911
21243.605336
21262.758794
21311.204510
21370.773980
21400.002838
21452.674689
21464.300420
21497.455357
21503.745052
21551.492405
21582.915707
21627.865959
21642.464945
21662.384110
21715.250770
21751.542036
21783.873205
21819.749447
21919.767624
21970.952520
21977.002589
22042.368603
22047.962411
22101.213045
22128.271975
22179.406796
22193.020128
22217.351867
22242.598201
22276.134868
22287.349668
22319.134142
22367.761962
22372.825745
22380.115504
22413.359453
22508.731793
22547.069263
22552.182330
22560.982298
22596.730234
22645.180892
22654.761600
22684.236913
22709.686907
22736.160970
22748.321190
22791.102420
22903.320720
22908.373138
22917.917079
22980.544450
23022.256981
23022.704743
23113.678212
23185.176336
23219.453836
23266.884326
23272.663871
23286.554151
23320.152940
23375.309252
23449.600849
23461.856775
23469.391184
23495.080805
23495.166463
23533.746431
23550.286822
23555.620804
23639.871718
23676.037504
23707.542635
23844.771137
23862.837078
23932.527875
24009.661021
24010.927057
24053.074717
24093.564399
24101.667120
24120.813096
24121.306340
24179.541040
24192.540871
24202.659202
24205.393273
24228.286615
24257.662307
24286.069705
24304.995309
24366.284742
24380.299907
24393.097944
24416.230249
24422.038190
24458.739779
24474.283106
24511.130218
24554.634297
24563.286891
24588.598797
24624.239517
24668.561449
24722.930275
24738.763447
24763.750144
24789.237729
24880.092671
24916.792734
24941.148794
24971.361609
25042.910282
25053.790662
25120.191955
25155.591459
25212.467330
25232.477507
25303.528890
25337.600467
25351.519117
25386.925075
25388.966296
25442.329079
25499.800736
25512.341280
25536.691686
25575.698932
25636.870800
25653.838663
25668.307732
25699.461972
25704.716088
25764.636479
25818.132177
25845.719996
25954.539941
25982.439994
26005.117570
26036.037528
26048.829272
26050.182567
26068.595742
26084.972940
26100.019047
26140.757674
26171.762810
26229.797936
26231.542182
26266.766293
26310.330642
26330.922076
26385.847499
26454.685147
26454.923033
26457.476000
26513.437410
26538.634063
26607.469242
26609.092863
26638.189143
26752.394131
26773.288830
26784.942402
26792.196096
26818.462533
26862.311716
26872.225581
26896.373918
26949.773576
26991.797807
26998.407872
27056.031276
27094.344782
27124.329964
27184.426570
27293.249444
27318.735340
27321.857090
27335.761720
27394.117823
27505.736050
27574.502875
27619.499152
27653.986958
27692.443276
27714.464011
27731.407417
27804.268470
27848.828077
27860.597052
27901.698882
27950.836606
27963.550452
28074.902836
28112.696294
28161.964045
28200.463340
28217.796321
28225.181955
28248.569892
28256.875920
28272.220227
28281.936721
28337.319405
28341.891791
28346.799268
28404.611101
28426.667706
28427.516281
28462.979383
28471.659056
28521.283175
28546.624890
28601.519369
28613.479481
28644.501572
28646.884282
28682.350123
28689.642174
28702.437749
28736.654971
28779.632890
28847.017054
28883.307532
28889.778002
28918.989437
28959.801832
28989.918170
28999.798223
29005.834441
29062.225174
29089.161654
29105.932965
29139.488436
29186.726279
29240.774704
29337.013965
29351.401571
29429.398345
29454.706679
29555.089384
29561.710587
29611.011458
29634.531315
29663.853311
29682.515998
29689.260345
29735.034436
29739.261482
29817.503299
29868.458431
29877.981097
29918.859915
29921.831352
29985.831663
30019.176524
30059.791334
30073.196730
30080.321516
30110.238198
30116.643012
30170.697570
30175.017877
30240.610092
30283.430159
30298.392898
30318.996145
30352.666521
30430.077915
30466.502572
30500.863115
30509.683209
30535.208616
30538.577169
30562.660929
30592.532796
30661.160936
30662.110965
30745.151205
30800.103001
30843.730524
30849.778172
30908.247796
30958.225802
30987.103561
30995.602113
31001.551361
31092.868520
31119.300901
31173.709143
31224.480719
31247.759768
31283.914349
31365.849476
31378.491489
31400.286412
31469.371442
31555.741094
31557.311606
31592.790050
31601.247336
31691.504999
31731.612665
31742.987998
31829.105253
31855.204333
31901.441539
31905.229762
31955.312564
31956.239863
32014.026110
32091.530925
32095.266998
32276.046679
32323.887401
32328.212386
32370.619668
32400.003183
32438.186860
32491.240378
32562.225648
32625.846730
32641.036823
32649.424604
32653.186472
32712.131721
32737.615739
32745.002888
32751.923522
32771.278068
32813.631188
32838.216830
32871.198704
32928.469930
32961.746840
32990.995396
33031.601493
33056.012307
33113.588428
33118.423000
33178.144298
33191.375768
33204.673509
33240.537069
33258.202759
33299.936475
33344.373837
33380.883056
33381.799124
33393.611647
33429.699361
33433.594471
33444.987813
33488.112926
33502.046285
33524.477980
33612.564694
33636.920074
33671.593861
33756.331423
33791.820505
33801.936679
33833.894466
33840.377188
33907.471660
33930.969638
33943.785693
33969.283485
33977.825262
33990.326192
34109.860166
34110.948713
34149.127709
34159.089337
34163.520180
34196.036381
34216.406728
34284.695945
34294.441748
34307.026775
34311.631382
34376.431860
34397.891099
34446.444682
34457.887961
34478.287847
34523.771640
34532.106283
