0.000222842
0.000229912
0.000279243
0.000282039
0.000329395
0.000342221
0.000377283
0.000399687
0.000423273
0.000454875
0.000470291
0.000511296
0.000515408
0.000565436
0.000566137
0.000614946
0.00062631
0.00066584
0.00068488
0.000713293
0.000745952
0.000762251
0.000802895
0.000809276
0.00086097
0.000861645
0.000907198
0.000918075
0.000953741
0.000980108
0.001003948
0.001035582
0.001055249
0.001091434
0.001104271
0.001150337
0.001151683
0.001199997
0.001213245
0.001253658
0.001272072
0.001299087
0.001327352
0.001348538
0.001386945
0.001401024
0.001451339
0.001454864
0.001500997
0.001505854
0.001552993
0.001565196
0.001598738
0.001628179
0.00164553
0.001692787
0.001698389
0.001748147
0.001752153
0.001800683
0.001810543
0.001853077
0.001865437
0.001902595
0.001921587
0.001949998
0.001985018
0.002004756
0.002049535
0.002053067
0.00210292
0.002107771
0.002149371
0.002170643
0.002203873
0.002230065
0.002251136
0.002286948
0.002303043
0.002352658
0.002356239
0.002402904
0.002410631
0.002453142
0.002470455
0.002507751
0.002526196
0.002557897
0.002591599
0.002608716
0.002648314
0.002660951
0.002707768
0.002710602
0.002761943
0.002774438
0.002812959
0.002830436
0.002865043
0.002890721
0.002919142
0.002956252
0.002966549
0.003015928
0.003016428
0.003068836
0.003077411
0.003122429
0.003140093
0.003176336
0.003196273
0.003228635
0.003261283
0.003283434
0.003322502
0.003335671
0.003381894
0.003385003
0.00342893
0.003449922
0.003475186
0.003506811
0.003523881
0.003566066
0.003574747
0.003626291
0.003629556
0.003672252
0.003693868
0.00372654
0.003758557
0.00377331
0.00381864
0.003821316
0.00387009
0.003887075
0.003923327
0.003949759
0.003969137
0.004005227
0.004023304
0.00406167
0.004069535
0.004117072
0.004117177
0.004166495
0.004175611
0.004212954
0.00423665
0.004264887
0.004298503
0.004311663
0.004353657
0.004362081
0.004416163
0.004418803
0.004463199
0.004474927
0.0045114
0.004529323
0.00456541
0.004591063
0.004610919
0.004654947
0.004659656
0.00470701
0.004709919
0.004754178
0.00477492
0.004808219
0.004830397
0.004857747
0.004887442
0.004912338
0.00494675
0.004962658
0.005002501
0.005011589
0.005056638
0.005064821
0.00510442
0.005120952
0.005154897
0.005181453
0.005207145
0.005246351
0.005261912
0.005302795
0.00530844
0.005358303
0.005360636
0.005407567
0.005425448
0.005459609
0.005480059
0.005507793
0.005538543
0.00555687
0.005595368
0.005602068
0.005647241
0.00565197
0.005698253
0.00571682
0.005747132
0.005776253
0.005793245
0.00583918
0.005841762
0.005893962
0.005902146
0.005943612
0.005960864
0.005990402
0.006014923
0.006037624
0.006072261
0.006091747
0.006132834
0.006144338
0.006195531
0.006197718
0.006244036
0.006261251
0.006298974
0.006317085
0.006350688
0.006376921
0.006404356
0.006436037
0.006449742
0.006498488
0.006498942
0.006549656
0.006556308
0.006602389
0.0066152
0.006648111
0.006669438
0.006696553
0.006723645
0.006750302
0.006784859
0.006797136
0.006843514
0.006844472
0.006895718
0.00689885
0.006949936
0.006953972
0.007003273
0.007019711
0.007053712
0.007079291
0.007098763
0.007135439
0.007149351
0.007192105
0.007198838
0.007249216
0.007257053
0.007296808
0.007320162
0.007350139
0.007384218
0.007397971
0.007439799
0.007450563
0.00749884
0.007505725
0.007550882
0.007567782
0.007602017
0.007632184
0.007651173
0.007686648
0.007705991
0.007745688
0.007752786
0.007806545
0.007807342
0.0078608
0.007869824
0.007906229
0.00792469
0.007959019
0.00798282
0.00800696
0.008047319
0.008061554
0.008103519
0.008113462
0.008160322
0.008165842
0.008211863
0.008221817
0.008259893
0.008286879
0.008313793
0.008350884
0.008367299
0.008411411
0.008416626
0.008465472
0.008470718
0.00852039
0.008526177
0.008569027
0.008585561
0.008622674
0.008646014
0.008673525
0.008703125
0.008727229
0.008767122
0.008780474
0.008824521
0.008831298
0.008884269
0.008887632
0.008930673
0.008945565
0.00897858
0.009008016
0.009027306
0.009069378
0.009080376
0.009126645
0.009128365
0.009179719
0.009194147
0.009232893
0.009250301
0.00928006
0.009315768
0.00932986
0.009379917
0.00938044
0.009430103
0.009434432
0.009480876
0.009497781
0.009530352
0.00955531
0.009581309
0.009620823
0.009628991
0.009676173
0.009683113
0.009721293
0.009745969
0.009771895
0.009801194
0.009817335
0.009858831
0.009871881
0.009920824
0.009923511
0.00996871
0.009987719
0.010016527
0.010046912
0.010069797
0.010111822
0.0101194
0.010171428
0.010171632
0.010216982
0.010229792
0.010267284
0.010294168
0.010312855
0.010355189
0.010358118
0.010405183
0.010419634
0.010457073
0.010483528
0.010510205
0.010544517
0.010558255
0.010608082
0.010613226
0.010663767
0.010664571
0.010713898
0.010721255
0.010767436
0.010779727
0.010820463
0.010843411
0.010873861
0.010898934
0.010919006
0.010962623
0.010967223
0.011015616
0.011026432
0.01106731
0.011083033
0.011116596
0.011142793
0.011168681
0.011203489
0.011216457
0.011263085
0.011267451
0.011315253
0.011324012
0.011366233
0.011383383
0.011412927
0.011444531
0.011463579
0.011501749
0.011513501
0.011558367
0.011563838
0.011612511
0.011618292
0.011669208
0.011673234
0.011714605
0.011727762
0.011769036
0.011793217
0.011821705
0.011851949
0.011870334
0.011909412
0.011923977
0.011966793
0.011974149
0.012024274
0.012030717
0.012078159
0.012090241
0.012128184
0.012152919
0.012177699
0.012207339
0.012229501
0.012267701
0.012283708
0.012322386
0.012333289
0.012376702
0.012382831
0.012433179
0.012437707
0.012485508
0.012495446
0.012539
0.012559204
0.012593288
0.012616864
0.012642786
0.012682829
0.01269525
0.012743883
0.012744443
0.012791241
0.012803635
0.012838413
0.012867881
0.012890101
0.012931514
0.012935584
0.012985007
0.012995592
0.01303956
0.013049766
0.013094105
0.013107626
0.013148854
0.013165697
0.013198477
0.01322773
0.013243928
0.013286874
0.01329482
0.013342794
0.013349376
0.013397766
0.013406708
0.013446654
0.013467901
0.013495134
0.013525263
0.013547606
0.013586439
0.013594416
0.013640399
0.013642472
0.013693919
0.013703255
0.013739813
0.013763162
0.01378818
0.013823566
0.0138417
0.013888911
0.013892957
0.013943682
0.013950011
0.013996186
0.014004487
0.014043152
0.014069804
0.014091294
0.014133007
0.014145338
0.014191361
0.014199025
0.014249816
0.014255732
0.014301953
0.014315938
0.014354803
0.014376088
0.014408078
0.01444075
0.014456957
0.01450078
0.01450969
0.014559948
0.014560198
0.014612103
0.014622361
0.014664948
0.014687409
0.01471218
0.014746906
0.01476508
0.014806357
0.014814897
0.014865982
0.014872209
0.01492085
0.01492957
0.014975667
0.014993761
0.015029573
0.015058906
0.015075925
0.015118303
0.015121243
0.015169419
0.015181259
0.01521875
0.015239618
0.015273432
0.015296448
0.015326602
0.015353054
0.015372715
0.01541508
0.015423703
0.01546966
0.015477189
0.015528968
0.0155321
0.015580116
0.015594431
0.015629269
0.015659885
0.015680873
0.015725584
0.015730873
0.015783438
0.015785131
0.01583506
0.015839673
0.015884213
0.015900743
0.015936796
0.015958311
0.01598563
0.016024277
0.016037272
0.016082942
0.016087243
0.016132653
0.016141118
0.016183433
0.016204085
0.016229145
0.016260257
0.01628361
0.016315437
0.016336144
0.016379661
0.016381555
0.016431863
0.016434734
0.016477557
0.016492775
0.016529888
0.016556999
0.016579859
0.016618507
0.016631457
0.016677927
0.016679377
0.016725343
0.016742381
0.016773774
0.01679874
0.016820974
0.01685651
0.016871299
0.016921363
0.016924321
0.016976938
0.016985788
0.017031006
0.017046738
0.01708513
0.017109303
0.017135525
0.017172723
0.017183797
0.017235332
0.017236653
0.01728049
0.017295308
0.017327256
0.017358588
0.017378636
0.017418898
0.01743225
0.017481484
0.017482771
0.01753125
0.017544898
0.017576296
0.017601576
0.017625878
0.017665056
0.017677459
0.017724837
0.017726273
0.01777854
0.017786139
0.017825481
0.017851981
0.017876849
0.017917761
0.017923934
0.017978818
0.017982448
0.018024613
0.01803807
0.018072291
0.018092452
0.018122868
0.018150263
0.018176913
0.01820946
0.018225636
0.018275079
0.01827535
0.01832121
0.018338883
0.018373689
0.018394218
0.018418884
0.018455404
0.018469962
0.018519587
0.018521041
0.018574947
0.01858548
0.018629558
0.018643099
0.018676479
0.018702083
0.018722228
0.018764007
0.018772104
0.018819109
0.018824007
0.018867171
0.018887085
0.018916816
0.018949032
0.018966195
0.019008015
0.019011689
0.019061588
0.019071114
0.019108909
0.019129715
0.019160416
0.019191685
0.019209946
0.01925165
0.019258855
0.019306142
0.019308706
0.019355203
0.019367078
0.019408206
0.019421932
0.019462778
0.01948729
0.019513109
0.019550331
0.019558588
0.019604824
0.019604878
0.019654379
0.019665194
0.019709095
0.019720026
0.019763303
0.019782823
0.019809573
0.019842788
0.019855189
0.019904705
0.019909739
0.019960469
0.019960863
0.02001427
0.020017368
0.020063441
0.020075485
0.020116592
0.020132125
0.020161631
0.020192515
0.020211567
0.020256142
0.020263994
0.02031582
0.020319283
0.020368591
0.020384164
0.020416822
0.020449113
0.020471633
0.020509587
0.020519284
0.020567514
0.020571299
0.020624708
0.020629356
0.020676059
0.020683546
0.02072547
0.020739666
0.02077527
0.020801322
0.0208245
0.020865659
0.020875715
0.020926284
0.020928956
0.020980771
0.020984459
0.021032143
0.021038514
0.021086301
0.021098012
0.021140831
0.02115991
0.021193755
0.021218486
0.021240872
0.021281206
0.02128856
0.021336231
0.021337535
0.021390425
0.021399177
0.021435965
0.021455679
0.02148874
0.021521539
0.021538936
0.021576493
0.021585665
0.021632902
0.021633706
0.021683797
0.021694398
0.021736663
0.021759252
0.021784305
0.021817719
0.021831975
0.021877375
0.021882228
0.021932407
0.021934517
0.02198298
0.021995382
0.022036175
0.022049616
0.022090135
0.02211091
0.022137748
0.022172204
0.022189048
0.022236891
0.022242862
0.022290866
0.022302425
0.022338735
0.02235873
0.02239181
0.022413629
0.022443554
0.02247348
0.022495375
0.022529886
0.022546889
0.022587561
0.022600013
0.022647135
0.022649846
0.022699114
0.02270639
0.022753866
0.022760983
0.022808372
0.022820861
0.022857287
0.022877646
0.022910117
0.022939454
0.022960294
0.022998889
0.023014592
0.02305758
0.023062741
0.023111588
0.023117401
0.023163911
0.023173198
0.023217136
0.023236802
0.023264538
0.023302289
0.023311142
0.023362687
0.023362802
0.023412701
0.023417262
0.023458458
0.02347281
0.023507533
0.023532211
0.023561149
0.023597871
0.023611169
0.023656358
0.023662921
0.023704488
0.023718445
0.023758662
0.023773185
0.023804474
0.023838645
0.023857955
0.023899993
0.023910005
0.02395863
0.023964081
0.024004669
0.024023087
0.024050111
0.024086869
0.024098223
0.024140916
0.02414324
0.024195132
0.024200839
0.024241616
0.024263752
0.024289725
0.024325943
0.024338605
0.024387678
0.024389268
0.024435311
0.024447146
0.024484886
0.024512919
0.024535666
0.0245701
0.024587044
0.024632518
0.024633064
0.024683618
0.024696609
0.024736885
0.02475823
0.024782985
0.024817524
0.024832913
0.024877284
0.024883628
0.024932413
0.02493636
0.024978973
0.024997818
0.025031423
0.025061707
0.02507805
0.025123145
0.025123885
0.02517522
0.025185531
0.02522804
0.025250521
0.025282044
0.025315957
0.025331829
0.025379466
0.025382519
0.025432011
0.025436007
0.025486751
0.025493233
0.025537171
0.025550439
0.025592136
0.025615472
0.025646144
0.025670121
0.025697681
0.025733451
0.025749586
0.025793686
0.025795734
0.02584547
0.025849761
0.025893418
0.025906445
0.02594103
0.025967519
0.025988069
0.026030958
0.026042601
0.026088128
0.026089238
0.026135079
0.026145332
0.026183933
0.026205636
0.026235327
0.026268383
0.026289007
0.026326538
0.026337185
0.026389596
0.026390372
0.026435754
0.026455124
0.02648746
0.02651226
0.026538764
0.02657382
0.026587699
0.026634015
0.026638397
0.026683725
0.026696002
0.026732556
0.026753445
0.026783378
0.026817135
0.026833385
0.026879228
0.02688571
0.026940424
0.026941413
0.02698806
0.02700323
0.027037302
0.027066979
0.02708369
0.027126778
0.027138501
0.0271859
0.027186188
0.027232627
0.027251602
0.027280232
0.027317009
0.027328379
0.027375707
0.027378864
0.027427175
0.027439103
0.027472291
0.027499315
0.027526745
0.027564473
0.027577124
0.027622251
0.027623312
0.027670105
0.027680867
0.027719637
0.027743655
0.027766347
0.027807525
0.027813168
0.027864407
0.027866239
0.027911254
0.027920332
0.027962024
0.027982324
0.028014767
0.028042203
0.028066887
0.028097111
0.028120978
0.028156
0.028175876
0.028220339
0.028222111
0.028276297
0.028280363
0.028326033
0.02833459
0.028380049
0.028392346
0.028426028
0.028457355
0.028473928
0.02851233
0.028520966
0.028575879
0.028576508
0.028626317
0.028638968
0.028672691
0.028697318
0.028718855
0.028752565
0.028772458
0.028807095
0.028819502
0.02886483
0.028865392
0.028912918
0.02891885
0.028958976
0.02898112
0.029010223
0.0290369
0.029055228
0.029094631
0.029100956
0.029153287
0.029153588
0.029208076
0.029212174
0.029254957
0.029269333
0.029308795
0.029328823
0.029360285
0.029389759
0.029405451
0.029451413
0.029458087
0.029506637
0.029512642
0.029563999
0.029567302
0.029615647
