29.529193
59.904944
69.005706
104.289494
123.197805
123.670087
140.358656
165.039148
177.919738
186.778541
249.557469
252.967715
283.651275
292.371878
330.046668
335.021376
368.318224
406.812404
420.339239
444.787879
484.338690
560.962154
588.688927
599.648499
632.680629
657.984743
675.021505
693.028481
717.890480
728.067353
762.845974
795.420241
797.670805
800.839190
833.354432
833.731302
867.552780
872.968365
884.166542
902.196202
911.147023
925.909938
970.009030
1007.451153
1023.436923
1046.877176
1060.948462
1072.954157
1086.577310
1107.726884
1126.660917
1142.748480
1165.154699
1168.903693
1176.973490
1239.606452
1242.879785
1274.783138
1276.851746
1309.968974
1319.237487
1342.999119
1375.968353
1393.988894
1442.541470
1475.324375
1504.093976
1539.071610
1540.569987
1566.341658
1577.620723
1596.610303
1602.996285
1614.858434
1635.167406
1657.305711
1666.239841
1687.353237
1690.511824
1697.323579
1728.344362
1728.885699
1759.799613
1802.946751
1822.113399
1843.812190
1853.433460
1883.444786
1884.321549
1915.067738
1946.082668
1961.886676
1966.594765
1978.697307
1993.612488
2011.396293
2019.944319
2042.955876
2043.700869
2083.971030
2097.086671
2108.821573
2123.590260
2124.895449
2141.306784
2149.444897
2167.340133
2174.901416
2208.825710
2209.569676
2223.866532
2242.455649
2252.189617
2273.658121
2298.476608
2312.514738
2323.986234
2336.822679
2349.476899
2374.099942
2379.540749
2398.968845
2422.791721
2424.254294
2465.721643
2475.180409
2527.035643
2552.144209
2565.222387
2577.054018
2594.899034
2637.484170
2656.521858
2679.436693
2710.256981
2715.870355
2737.630751
2765.612522
2793.074969
2831.758137
2876.882599
2890.181310
2909.116821
2965.758336
2995.356433
3026.183080
3051.690411
3055.243384
3065.542133
3084.543964
3090.817138
3143.069411
3146.761082
3168.885107
3177.476781
3181.136318
3207.135356
3219.453895
3241.556461
3244.776753
3274.458576
3306.068394
3369.962566
3371.628923
3404.982299
3433.488644
3438.031387
3443.275304
3470.368081
3471.982332
3479.422053
3506.456894
3506.529750
3550.292031
3575.488571
3584.935817
3610.298696
3619.618739
3620.550765
3645.935521
3680.744967
3722.043171
3733.399154
3750.228480
3770.581509
3785.087633
3808.595757
3820.025839
3822.156344
3846.350609
3855.205461
3885.491604
3889.428122
3918.140061
3950.173357
3959.773330
3982.041653
3994.305351
4002.993269
4013.289576
4042.764006
4074.791390
4097.846689
4167.095013
4198.903672
4200.776816
4249.055468
4261.138536
4293.798164
4301.092458
4333.987075
4334.394669
4366.981439
4377.179938
4431.690801
4462.276927
4488.150102
4494.303039
4521.638490
4525.398550
4548.872700
4555.911298
4589.906684
4592.221662
4616.557512
4646.738851
4659.676674
4720.294925
4730.984550
4734.740823
4763.083988
4767.527430
4791.696767
4803.961693
4805.060604
4819.913578
4846.914168
4848.243677
4888.068078
4930.919461
4953.249527
4984.855354
5036.190729
5050.955636
5061.925082
5067.535218
5087.529953
5113.215423
5138.871733
5144.905805
5164.071697
5169.234255
5183.702425
5214.761028
5263.626764
5283.561135
5288.498924
5300.504154
5314.055820
5359.111860
5364.545190
5377.766731
5390.247342
5414.256077
5416.114626
5439.850025
5464.778538
5490.298064
5533.417384
5566.368132
5571.642276
5581.238214
5618.783422
5619.341489
5645.535150
5647.130244
5656.101145
5672.860662
5722.505733
5754.889479
5759.398285
5768.552720
5782.676210
5795.839337
5806.298294
5810.997342
5832.230339
5839.629579
5867.974051
5868.137735
5885.788443
5925.120399
5927.193211
5938.937752
5964.177040
5987.584011
6044.840415
6079.598281
6105.851467
6110.511173
6126.440989
6139.049614
6167.439229
6171.390809
6207.191407
6208.717438
6239.235727
6249.956300
6272.020547
6292.195517
6331.802444
6394.226235
6420.486162
6425.075045
6438.440514
6463.652580
6472.904951
6612.693949
6675.028506
6706.879416
6713.713749
6738.035687
6749.391223
6762.910607
6804.566460
6820.666880
6834.684424
6846.022294
6868.490321
6890.119699
6960.605445
6969.455183
7041.084003
7050.234887
7064.343342
7077.151262
7127.833747
7149.815488
7166.361170
7167.102134
7200.711574
7206.085328
7223.595414
7333.118739
7335.807356
7357.954920
7394.697283
7398.900683
7431.785868
7451.279879
7463.610012
7468.353014
7496.148893
7504.848366
7526.908245
7528.566025
7542.319426
7579.362260
7588.212916
7616.578559
7618.116947
7645.169219
7648.290435
7677.913075
7691.916763
7766.945600
7794.768089
7801.611102
7839.831379
7850.623978
7878.385753
7932.754474
7959.141682
7960.897557
7985.405995
8001.157210
8011.592079
8030.151325
8082.691751
8089.155091
8103.278743
8138.980499
8191.821886
8216.354155
8248.534133
8266.189130
8279.231860
8291.192393
8291.579323
8314.383330
8315.665104
8334.173366
8340.274483
8347.813051
8375.995437
8390.540611
8415.588051
8461.901800
8465.527517
8479.004447
8504.449655
8517.670974
8543.516143
8548.121750
8575.762694
8590.903962
8607.431806
8670.487321
8676.205390
8701.695498
8703.242430
8719.729963
8761.482380
8763.979332
8785.755815
8795.932436
8803.349923
8813.576704
8826.776684
8841.950549
8857.801396
8889.103130
8920.391884
8928.988403
8957.699008
8970.259115
8983.666406
9010.895824
9049.412468
9051.302094
9080.250765
9090.952215
9115.191742
9142.385100
9147.183552
9169.552942
9174.302756
9179.749720
9208.722767
9213.919571
9271.630251
9282.393907
9321.778413
9336.531279
9351.559671
9358.907755
9402.738907
9421.296860
9433.528735
9456.774057
9470.105518
9470.683903
9494.023875
9507.576291
9530.247311
9544.335705
9581.310108
9604.401952
9606.299735
9642.007454
9709.543530
9744.132427
9769.191941
9814.533307
9835.874791
9874.344992
9885.030345
9919.102066
9951.784260
9990.236700
10004.234375
10024.256339
10029.910592
10044.158394
10069.170595
10085.337316
10092.970435
10127.790380
10146.554801
10161.596474
10185.071370
10195.236476
10223.721888
10261.474706
10293.066823
10296.241350
10299.327564
10360.835467
10378.681013
10392.468386
10409.920063
10446.345113
10456.727813
10517.401128
10550.649693
10553.350901
10588.155479
10621.601981
10643.234475
10656.744742
10672.441677
10680.618046
10702.215405
10724.134706
10758.472218
10765.046133
10788.988047
10807.658256
10823.283399
10849.768266
10873.030597
10900.505617
10918.772347
10927.514881
10950.306939
11008.206021
11013.177558
11013.382818
11034.699121
11044.588197
11060.754406
11092.836800
11132.095352
11138.645359
11171.458685
11199.195549
11209.609839
11215.537843
11230.473942
11247.136041
11261.321761
11290.437613
11323.444325
11325.046683
11341.109894
11356.866696
11359.874881
11391.923632
11396.825914
11416.844481
11421.702369
11442.798148
11488.626897
11520.447679
11544.226236
11547.136113
11581.812583
11589.924812
11599.784006
11619.579104
11652.650404
11656.771413
11658.222413
11680.057962
11706.800518
11729.208124
11731.741077
11761.410497
11788.146670
11802.614119
11808.429304
11816.206917
11840.029197
11844.540012
11873.695905
11876.991582
11902.991910
11924.689648
11952.508459
11963.166190
11964.426676
11990.730368
11992.735199
12003.844456
12029.738542
12044.267712
12067.370111
12106.603923
12116.380406
12179.540642
12184.605470
12209.698461
12244.537259
12263.065011
12292.958812
12302.677348
12308.952355
12335.509493
12342.338832
12376.304753
12378.022400
12381.356942
12410.557522
12462.894098
12478.497181
12496.182552
12512.262876
12534.089398
12571.825378
12580.804447
12590.541182
12614.734599
12633.063431
12647.504257
12648.893514
12675.538157
12758.674392
12794.875810
12803.504635
12830.480089
12845.202952
12866.717062
12892.469480
12902.285462
12926.853586
12962.199247
12968.456172
12970.990089
12997.259387
13005.335399
13031.616604
13071.164724
13088.645832
13103.985235
13134.567273
13202.050546
13203.535628
13204.898578
13236.997332
13243.470339
13269.727290
13281.495845
13302.705557
13335.891758
13358.077377
13358.541253
13368.665545
13390.064490
13401.288331
13421.128106
13497.690268
13505.807762
13529.282202
13542.947011
13544.731501
13560.330296
13591.101578
13608.151909
13615.882924
13639.374615
13651.994115
13681.412222
13690.620040
13703.926455
13711.601668
13728.460331
13736.860391
13766.659385
13769.624495
13802.396888
13826.315155
13836.304979
13854.650940
13882.659965
13883.232002
13909.632147
13939.135727
13960.536117
13988.764615
14001.082148
14008.220544
14041.091472
14042.017665
14079.909130
14092.775602
14115.893816
14124.443011
14166.451336
14190.270843
14194.028845
14219.148518
14243.976720
14250.264888
14265.539615
14292.797030
14303.706053
14318.287414
14340.849617
14343.325118
14376.916668
14379.170240
14418.024727
14419.457422
14419.572555
14456.581696
14463.045067
14469.463140
14494.711589
14496.111110
14520.554442
14550.495388
14613.282489
14651.742538
14653.248488
14680.589455
14681.282182
14707.984122
14723.125703
14763.499950
14791.277963
14806.803058
14807.234672
14819.022279
14848.041487
14876.943564
14884.376790
14922.441144
14932.390992
14960.843099
14973.405544
14994.770119
15012.793994
15024.655764
15054.811338
15072.715357
15092.210208
15108.746236
15131.352041
15144.211608
15169.283698
15179.946761
15211.170331
15243.551389
15245.895807
15277.064820
15283.601627
15309.655715
15343.563270
15353.295227
15434.100862
15453.284205
15486.424878
15513.761184
15518.491990
15547.394522
15550.587150
15581.764185
15581.870755
15614.323782
15649.384639
15656.339756
15695.007501
15707.690270
15719.318872
15732.395706
15738.768727
15754.497557
15769.377918
15800.547721
15824.103003
15831.613693
15858.889348
15862.041098
15884.837304
15928.675350
15962.052798
15986.975026
15996.675489
16018.480284
16030.588676
16043.873443
16064.066644
16083.749029
16117.116273
16133.082655
16149.511556
16201.229869
16209.833314
16234.967761
16251.595402
16268.062554
16320.247589
16333.398296
16337.453301
16379.805107
16389.383168
16422.817536
16431.127564
16461.299088
16497.930269
16534.520660
16557.904496
16588.766382
16595.596947
16646.660351
16649.826881
16679.288385
16709.312428
16724.325334
16767.137589
16768.229421
16795.680154
16800.564894
16810.619983
16824.297101
16838.590782
16852.706623
16876.981791
16880.305932
16894.596434
16907.902786
16915.738596
16934.437995
16954.670992
16975.442222
16987.811430
17014.581005
17016.337695
17055.517166
17091.296610
17116.959843
17133.443334
17143.597769
17147.064661
17194.075319
17211.563314
17223.260599
17249.668927
17268.114279
17293.132747
17300.050833
17324.930529
17343.069374
17361.536974
17375.362122
17418.597223
17449.327468
17469.040919
17473.242318
17485.236133
17494.500400
17520.607937
17548.067812
17573.586460
17584.755305
17599.844652
17624.976352
17660.503437
17706.987480
17735.687394
17759.765814
17773.129445
17789.421195
17792.455078
17818.251006
17904.773480
17927.907227
17953.142892
17963.948558
17966.947308
17984.849548
17993.088955
18006.336486
18015.679797
18022.818163
18046.229996
18046.911410
18078.596068
18084.478266
18087.180198
18127.609986
18172.326605
18178.908908
18203.455337
18211.853785
18243.268577
18254.332147
18275.771989
18296.251756
18309.024463
18337.815605
18360.075420
18380.253446
18409.723584
18444.372876
18458.093436
18464.761080
18507.393414
18513.125041
18525.536127
18550.071517
18559.265430
18593.152361
18628.760859
18663.409823
18678.970446
18722.203538
18722.410869
18756.871139
18790.846518
18805.283198
18807.101557
18825.073473
18846.892719
18894.447190
18928.655744
18928.976384
18963.516843
18969.891964
18998.582323
19031.410127
19050.668673
19069.455592
19107.969826
19129.709654
19171.334707
19186.498265
19205.944157
19226.703541
19239.272872
19273.635953
19284.200218
19304.502433
19321.344079
19339.070701
19358.613310
19372.898501
19383.231988
19395.942361
19405.167281
19433.928392
19436.751610
19459.716612
19468.183557
19470.703810
19497.782197
19499.979123
19508.211701
19531.195255
19545.782873
19562.083642
19574.495779
19582.093648
19593.216409
19657.523190
19713.629114
19732.501597
19760.804391
19826.808620
19833.297944
19849.521123
19854.342668
19882.149125
19888.986327
19905.370920
19909.688884
19937.284853
19940.413776
19963.856410
19967.865141
20076.173926
20088.965909
20093.732462
20109.162399
20119.249869
20130.841969
20142.429734
20145.985981
20170.968104
20172.079941
20196.590288
20206.886549
20221.667332
20238.822275
20256.540933
20270.212660
20297.493705
20301.110839
20332.141187
20347.305167
20363.454268
20372.920040
20398.581391
20424.202309
20449.992962
20455.871082
20475.611932
20500.002578
20512.842918
20518.402559
20525.737850
20551.529409
20577.629561
20597.948002
20603.352532
20640.605610
20656.518766
20676.359820
20683.269506
20726.839981
