44894
59931
89919
119859
134937
179796
180055
224825
240028
269571
300124
314422
359378
360072
382029
404447
415046
420056
421227
449497
480178
494584
503491
539512
540307
584378
600217
629340
631809
660097
668313
674275
719133
720198
763182
764230
780174
809424
831848
840191
854317
899297
899990
944285
957027
960031
973861
989373
1009253
1020140
1034515
1079402
1080267
1101268
1124411
1140222
1154615
1169707
1200074
1214603
1259568
1260202
1301987
1304754
1320249
1349926
1358223
1362976
1380164
1386673
1395142
1430566
1439959
1440114
1485071
1499983
1509733
1529879
1560062
1575017
1619860
1620104
1656100
1664928
1672278
1680182
1709909
1714873
1740173
1743191
1754800
1760124
1799643
1800179
1844817
1860236
1889636
1891206
1920152
1934634
1946874
1956094
1979594
1980153
2010089
2024703
2040211
2063976
2069726
2100161
2114720
2133482
2159762
2160033
2190005
2204815
2219890
2249858
2279982
2294715
2323025
2339773
2339978
2384894
2400004
2400283
2429985
2459952
2475034
2519969
2520119
2522420
2556049
2564936
2580183
2586747
2610060
2640083
2655044
2675747
2700176
2700339
2745277
2760287
2790347
2803340
2820339
2835237
2857353
2880277
2880364
2925203
2940365
2968961
2970300
2982508
2993222
3000268
3015135
3060068
3060111
3105131
3119939
3127957
3149997
3179992
3195054
3240013
3240183
3271724
3285176
3299961
3330199
3360190
3375142
3420108
3420132
3465050
3479910
3509887
3539856
3544908
3555020
3567069
3599744
3599924
3645023
3659741
3690051
3719805
3734978
3779728
3779966
3824930
3836743
3839760
3869996
3899967
3914973
3936592
3951582
3959823
3959918
3971499
4004997
4019689
4050095
4079763
4095300
4097417
4121514
4139713
4140369
4185335
4199648
4230339
4259674
4275304
4319887
4320299
4365333
4379931
4410361
4439988
4455264
4499967
4500341
4545282
4547513
4559935
4587916
4590394
4616454
4619957
4628499
4635423
4640114
4675887
4679920
4680338
4682388
4695257
4725370
4739925
4770321
4795038
4799896
4815306
4831448
4859897
4860257
4876809
4905346
4919911
4950464
4968025
4979989
4987005
4995267
5014209
5021618
5039862
5040236
5085447
5099825
5130346
5159800
5175242
5219755
5220303
5247487
5260910
5265343
5269258
5279686
5310370
5339645
5355350
5399639
5400455
5411873
5445461
5459556
5490491
5514024
5519521
5532755
5535618
5570156
5579410
5580742
5625829
5639325
5670677
5699149
5715708
5737872
5759124
5760591
5766367
5793849
5794003
5805636
5819084
5821011
5831033
5850598
5879047
5895737
5938974
5940654
5985701
5998779
6030613
6057896
6058729
6073563
6075539
6118711
6120551
6165464
6178278
6178721
6210457
6238543
6255411
6298048
6298328
6300391
6343643
6345371
6358351
6387325
6390322
6418484
6435183
6478558
6480162
6483183
6492591
6525112
6538696
6560517
6564194
6570054
6598624
6607556
6615173
6658569
6660208
6705294
6718645
6750217
6778623
6795169
6838611
6840176
6885248
6898561
6922500
6930359
6936000
6958627
6971724
6975135
7018553
7020011
7065089
7078552
7110025
7138473
7154977
7163873
7171663
7198495
7199911
7239942
7244902
7257627
7258222
7289926
7318178
7328139
7334936
7378462
7379934
7396614
7424896
7438445
7469896
7498477
7509764
7514981
7558305
7560021
7605094
7618144
7649992
7678072
7682216
7694833
7722544
7738008
7739723
7784641
7797967
7829474
7857841
7874410
7917872
7919471
7938827
7964689
7977973
8009720
8037953
8054539
8080217
8098207
8099521
8144527
8158210
8189540
8218143
8234440
8278023
8279315
8296191
8324328
8338149
8367539
8369224
8398133
8414372
8458232
8459342
8463397
8504320
8518246
8549471
8578379
8594484
8638433
8639595
8641788
8645434
8659278
8684503
8697687
8698502
8729487
8758698
8774546
8818590
8819557
8820636
8852814
8864588
8878456
8909524
8938574
8951676
8954601
8998620
8999675
9044669
9058588
9089771
9097374
9118499
9134737
9178609
9179851
9224771
9238559
9245736
9269788
9298782
9314671
9315097
9334441
9358914
9359575
9404644
9418983
9422422
9449667
9478942
9494788
9538973
9539624
9543597
9572695
9584640
9598881
9602361
9629616
9658930
9674551
9697295
9719037
9719697
9727967
9764830
9779096
9809755
9839253
9854982
9871565
9899097
9899805
9924607
9944939
9959102
9989957
10019210
10034959
10069002
10079348
10079954
10124896
10139396
10169849
10199371
10201019
10214810
10259567
10259884
10304034
10304772
10313717
10319682
10349907
10379707
10394894
10412522
10416832
10439613
10439812
10484748
10499660
10529783
10545904
10559492
10574663
10619535
10619563
10664741
10679636
10709855
10739609
10754997
10782801
10799388
10800079
10845019
10859442
10890063
10919449
10928579
10935114
10979304
10979999
11017484
11024861
11039217
11069975
11099340
11103448
11114883
11159357
11159782
11204671
11219419
11249690
11279310
11293854
11294684
11321209
11336269
11339461
11339702
11384585
11399410
11429459
11440176
11459434
11474660
11519460
11519649
11562645
11564610
11579454
11606411
11609554
11639392
11654303
11699225
11699348
11744408
11754312
11759273
11765069
11789583
11819260
11834656
11879182
11879665
11908962
11924474
11939177
11962842
11969430
11999224
12010575
12014436
12018243
12059325
12059576
12104638
12119342
12149549
12179421
12194640
12209507
12239417
12239554
12260044
12284606
12299274
12329472
12359344
12374430
12415513
12419372
12419423
12464589
12479697
12509511
12539834
12554490
12599563
12599969
12623553
12625604
12644480
12659949
12689205
12719747
12734452
12762975
12779437
12779700
12782789
12794166
12809393
12824406
12830063
12839757
12869318
12881559
12899706
12914327
12959426
12959746
13004476
13019565
13049518
13077237
13079697
13094344
13139372
13139743
13184380
13199763
13229417
13259753
13274432
13319376
13319708
13364349
13379784
13409355
13427714
13439897
13454352
13499454
13499951
13527548
13544659
13545719
13560183
13589629
13620101
13634503
13656331
13679584
13680153
13718008
13724745
13740154
13763688
13769884
13800141
13814978
13860165
13860200
13904999
13920333
13925121
13950251
13980288
13995107
14040054
14040211
14084801
14100250
14129738
14142898
14160523
14175056
14219930
14220491
14222434
14264839
14280570
14304548
14309725
14340530
14354696
14399670
14400442
14418928
14442605
14444735
14460447
14489778
14520523
14534697
14551244
14579586
14580618
14585217
14624754
14640705
14669866
14700528
14715026
14760079
14760523
14805145
14820537
14850118
14880750
14895226
14940181
14940718
14985322
14989055
15000776
15030123
15037389
15060729
15074983
15120044
15120583
15124312
15165257
15180554
15187440
15197882
15210224
15240478
15255499
15300385
15300483
15345535
15360452
15377901
15390508
15420530
15435297
15480323
15480544
15488545
15525206
15538574
15540478
15564169
15570160
15587517
15600477
15605763
15615380
15660267
15660312
15690074
15705302
15720407
15750248
15780295
15789384
15795051
15816962
15840216
15840340
15857683
15885227
15900368
15930098
15960468
15975116
16020149
16020474
16065077
16066513
16080514
16109953
16111263
16140645
16145075
16146685
16155016
16200091
16200659
16214334
16245161
16252432
16260715
16290165
16320574
16330935
16335218
16380332
16380686
16425401
16440601
16470370
16483873
16500554
16515354
16560269
16560656
16605168
16620642
16632257
16650224
16680529
16695172
16719265
16740307
16740318
16744519
16785355
16800270
16830282
16835187
16860220
16875522
16920040
16920499
16965592
16966454
16979915
17010459
17010523
17016747
17039974
17051995
17055505
17099850
17100512
17100860
17145497
17159808
17190394
17219687
17235518
17279598
17280477
17325495
17336144
17339467
17370446
17371906
17399498
17415619
17459479
17460535
17501406
17505642
17519521
17522018
17550688
17579626
17595581
17632497
17639440
17640420
17682298
17685336
17699473
17703442
17730224
17748032
17759379
17761913
17767110
17775114
17788581
17819383
17819385
17820291
17865217
17879507
17910328
17939459
17955374
17989590
17999467
18000389
18045313
18045742
18059413
18072663
18090392
18119476
18135292
18147402
18179557
18180446
18216705
18225470
18239643
18270600
18299742
18315524
18359750
18360428
18392346
18405576
18419701
18438521
18450679
18479780
18495684
18539697
18540792
18585831
18599629
18630801
18659444
18675985
18715316
18719323
18720962
18726786
18766073
18779225
18810846
18839199
18855836
18888565
18899171
18900909
18945962
18959086
18991053
19019103
19036178
19078913
19080407
19081299
19126223
19133533
19138949
19171259
19198821
19216296
19258852
19261387
19306422
19318932
19351446
19379095
19384315
19388637
19396481
19437467
19439018
19441449
19474540
19486238
19498989
19506734
19531236
19551268
19558830
19576228
19585264
