77.570775
111.543570
118.391921
148.640950
200.309219
210.216146
254.080720
256.849410
259.380973
319.465238
353.468914
372.725166
419.973183
433.539913
466.246469
602.706070
630.305557
652.458183
676.301028
678.564151
698.503645
711.794658
734.074047
767.597921
774.413575
823.731087
833.193781
850.552151
858.032667
888.190634
914.311377
926.519878
935.842964
949.452103
969.280912
982.276834
1036.465673
1037.768149
1090.664122
1092.747228
1093.171160
1153.892635
1188.692357
1214.546531
1257.372797
1264.795629
1276.693104
1291.924762
1324.052226
1324.505019
1325.708373
1370.768690
1383.801579
1425.673028
1480.722348
1534.492614
1535.520916
1541.172293
1610.832230
1768.813346
1789.501973
1810.197994
1823.242170
1857.435507
1900.871897
1910.896676
1993.398060
2052.888478
2059.128441
2107.405474
2115.765206
2129.179297
2168.899507
2181.617786
2215.071082
2227.584990
2248.943382
2275.331312
2316.516448
2327.940037
2335.533893
2359.659936
2427.872791
2446.300069
2505.379922
2528.202051
2550.642148
2566.404472
2609.302440
2635.314638
2713.598526
2843.684648
2850.906827
2857.504903
2900.738133
2902.558750
2967.940458
2973.810486
3001.650400
3035.348346
3038.072584
3096.060231
3124.989236
3136.257752
3154.875361
3166.968035
3191.023228
3221.744444
3231.044076
3238.386640
3265.035156
3285.911776
3298.903814
3330.548005
3383.539663
3389.257318
3395.408035
3418.059028
3457.266559
3464.553990
3485.030179
3540.990131
3550.400118
3593.965460
3611.804416
3616.684756
3661.908614
3720.027571
3760.332960
3768.254639
3781.564436
3794.804451
3873.497639
3883.928130
3917.602685
3951.976855
3961.505045
3972.059899
4013.053965
4018.170284
4084.960437
4107.118404
4140.964382
4149.370267
4167.933799
4183.536974
4209.190013
4221.817050
4227.360859
4231.636243
4293.352062
4307.120295
4330.870051
4425.318387
4480.863229
4502.872390
4526.878528
4533.279486
4535.906925
4549.441100
4576.631224
4596.457125
4676.239433
4701.222000
4732.533783
4876.418481
4910.988000
4912.603753
4963.056452
4999.999350
5064.031172
5076.166937
5134.049114
5135.418910
5158.069930
5176.840146
5212.015998
5243.129936
5275.205959
5285.216880
5351.929279
5370.335281
5392.509140
5419.367356
5425.590865
5463.461794
5469.265891
5480.915951
5528.354632
5583.253469
5587.119194
5637.857871
5654.515133
5685.110682
5721.515794
5743.565437
5765.896339
5777.970232
5789.332810
5821.460965
5865.439052
5941.651468
5944.960072
5987.075650
6001.078189
6044.025657
6121.861145
6156.477529
6182.667679
6238.002734
6255.762369
6270.341532
6299.263494
6360.289156
6407.201777
6412.032885
6454.313626
6487.687751
6498.199234
6522.892641
6529.813054
6581.235487
6631.780951
6654.128136
6692.629626
6730.098505
6747.448947
6773.062209
6774.197568
6801.856103
6855.794537
6855.951135
6903.446809
6996.732868
7004.959770
7065.859350
7082.531275
7105.178267
7158.426077
7217.124282
7269.107127
7279.727327
7295.165252
7302.273055
7329.446188
7338.516511
7378.066798
7383.868166
7405.623333
7438.368021
7448.845596
7493.225946
7550.555899
7554.332866
7555.382224
7606.600846
7613.701551
7717.546153
7719.426944
7748.686388
7773.232558
7829.388246
7872.471988
7976.206902
8051.002083
8106.118585
8106.362010
8152.277624
8173.108646
8185.528831
8254.785613
8282.963497
8340.438462
8382.033879
8417.042598
8428.193558
8508.875093
8509.972869
8533.184015
8594.207776
8644.323369
8655.167335
8684.471289
8715.817479
8744.481839
8761.895870
8800.362667
8823.368804
8826.467409
8885.160480
8943.686174
8967.010390
8986.623947
9020.267669
9043.541513
9056.631100
9080.604400
9102.776073
9127.045831
9143.012250
9161.382307
9182.187309
9198.783002
9243.227128
9243.488624
9289.881773
9290.427318
9321.111449
9344.087543
9366.466390
9425.602374
9431.638065
9445.913013
9448.686280
9494.348942
9553.819187
9554.270405
9554.958480
9620.457672
9670.817023
9705.049266
9726.703801
9742.225613
9776.268617
9853.888302
9896.458750
9908.451141
9951.479608
9965.060379
9997.985898
9998.277925
10042.089502
10058.728656
10074.275616
10097.191531
10150.134672
10165.388269
10172.854479
10175.372285
10195.350937
10221.732788
10276.177771
10283.458780
10294.395900
10310.413372
10367.085927
10392.070860
10430.670105
10491.191991
10507.653550
10607.596319
10624.039655
10684.938100
10689.188678
10757.537632
10800.187077
10823.140543
10845.717495
10856.040765
10916.795968
10922.433289
10997.659924
11010.428913
11074.417983
11090.998358
11134.205001
11178.453389
11238.659070
11238.937574
11283.563083
11328.943969
11361.385341
11393.753942
11428.149359
11451.725260
11453.845848
11480.075079
11514.461268
11562.495471
11614.964039
11656.775308
11679.401121
11717.633516
11736.021256
11782.194464
11833.894106
11858.604816
11914.906103
11928.258995
12024.612971
12032.529617
12049.994989
12091.587365
12091.720695
12104.935991
12150.636549
12208.837286
12212.193916
12214.696160
12232.291750
12248.883118
12292.214499
12360.411325
12424.388731
12442.409141
12465.552631
12483.589808
12485.620272
12527.742616
12532.550566
12533.962193
12581.197759
12582.855669
12593.110872
12604.298461
12672.692398
12685.414656
12715.134999
12744.688785
12746.588233
12768.126090
12844.881667
12844.925598
12910.420184
12912.565495
12968.179188
12971.467039
13044.547364
13057.983041
13074.273042
13114.467521
13135.588123
13284.371578
13313.212428
13351.048221
13353.572835
13428.847585
13469.076247
13483.448831
13517.072392
13524.552710
13528.349836
13550.899265
13560.399254
13571.841547
13610.119968
13619.341206
13666.603346
13685.538324
13727.658893
13759.552163
13785.975682
13788.947270
13868.072108
13982.820049
14004.248445
14061.035663
14063.307910
14105.733440
14148.298488
14162.956772
14334.096737
14337.074533
14370.677934
14380.172488
14456.497731
14487.767430
14515.592291
14535.575515
14590.882701
14643.847194
14696.758488
14729.303301
14755.547023
14784.652090
14798.639927
14814.293019
14845.698637
14850.814833
14900.640396
14936.001125
14961.327979
15082.289085
15112.640911
15143.565456
15145.450612
15168.417383
15204.040887
15227.326717
15244.102763
15254.089384
15291.018902
15303.070275
15320.870428
15346.805898
15393.746880
15402.033119
15486.879000
15509.747621
15520.906030
15570.908366
15577.451204
15613.399688
15617.393272
15659.608217
15664.556569
15677.862661
15726.230519
15741.988515
15787.104724
15810.094298
15841.425058
15899.185464
15902.143642
15943.622029
15999.352325
16021.207667
16066.940918
16073.225351
16134.064556
16188.724203
16312.720421
16355.943395
16357.210111
16413.617807
16417.980710
16473.157252
16520.542346
16532.489703
16567.080099
16583.617153
16591.220009
16639.965369
16723.413512
16726.759007
16817.734060
16851.483503
16893.591105
16979.577724
16988.228920
16995.611361
17048.782679
17056.119711
17085.673561
17109.201586
17114.347592
17129.196241
17170.293962
17171.882375
17197.279657
17216.349513
17255.457959
17262.582711
17278.906093
17331.684266
17333.643000
17364.342780
17381.811559
17420.570630
17429.722758
17488.863465
17491.414305
17544.840313
17546.428073
17600.381745
17623.826307
17643.331468
17683.089626
17705.698280
17709.398802
17754.416926
17764.300188
17864.842923
17880.334296
17899.105255
17941.132574
17961.693011
17984.613069
17988.122080
18060.743890
18075.772775
18091.061788
18119.528792
18146.719475
18178.410068
18192.703279
18238.155851
18308.397493
18315.849583
18335.778339
18349.444221
18395.000361
18416.782194
18470.934752
18526.248825
18650.773048
18707.947229
18765.414865
18773.311053
18783.367859
18806.495915
18829.296166
18866.524406
18882.550723
18885.779279
18912.968316
18952.444387
18958.548453
19029.295187
19076.654832
19137.803180
19161.627417
19199.193287
19230.278870
19245.835936
19254.919541
19292.166112
19330.260650
19353.103310
19414.450751
19469.562681
19473.809270
19481.511367
19505.367297
19541.746229
19608.799606
19623.625756
19632.703264
19688.372320
19700.710590
19719.773902
19759.105231
19781.829921
19790.502156
19818.749304
19852.069574
19858.580086
19884.853791
19907.382128
19928.713516
19941.438153
19954.596485
19985.285954
20000.712436
20028.310314
20049.395869
20084.532890
20110.230614
20193.580636
20248.768339
20253.536035
20273.161588
20275.963635
20315.573897
20382.560665
20416.189549
20426.928023
20442.850715
20495.646928
20497.164577
20641.338072
20646.380066
20721.721024
20803.425357
20877.462070
20885.388848
20903.118678
20969.623620
20993.909011
21020.309259
21025.554292
21091.525560
21148.199407
21155.106394
21194.670509
21213.662706
21247.857157
21249.180951
21282.206759
21311.914054
21335.129538
21351.134371
21452.535406
21472.037357
21507.683014
21546.467751
21573.676762
21680.181619
21739.031212
21763.043942
21764.577849
21798.292376
21838.403338
21839.355714
21914.820032
21939.972403
21976.426002
21990.602475
22001.070404
22047.563198
22049.561820
22100.213594
22147.854955
22166.597212
22201.946665
22222.479691
22289.754430
22322.043251
22345.399453
22391.356277
22405.100852
22428.137900
22434.543789
22466.852802
22504.477838
22524.339235
22527.130049
22558.827375
22583.053030
22625.552779
22637.379632
22667.917701
22683.169177
22729.879706
22766.981914
22784.662659
22789.715606
22842.225037
22845.527879
22889.132514
22900.162893
22925.107998
22961.318737
22968.871908
23036.127777
23064.163639
23069.686921
23079.202614
23112.066496
23124.649207
23140.855585
23146.159128
23179.482125
23219.222230
23265.630234
23292.419927
23325.867488
23333.736462
23390.030641
23419.605345
23423.567358
23432.374515
23466.500466
23546.086442
23613.832906
23631.282737
23661.814925
23708.190909
23716.562457
23745.811331
23789.123768
23824.009656
23842.954601
23925.111273
23994.217510
24001.109667
24020.033945
24055.210182
24097.929297
24136.161387
24148.961819
24175.197043
24195.624616
24210.610071
24250.609488
24269.639800
24318.655591
24328.375363
24358.190910
24361.833534
24395.950145
24403.923848
24463.060463
24511.761352
24527.692558
24548.951329
24610.109284
24615.729808
24658.107408
24686.154298
24692.884785
24740.476902
24787.424022
24814.815618
24823.814961
24895.497599
24900.163941
24955.996545
24959.254004
25009.766974
25039.281085
25070.216109
25121.337412
25124.599339
25175.430950
25197.171778
25264.820786
25307.378195
25335.253001
25342.612921
25381.852836
25398.099884
25441.094469
25443.008701
25468.364939
25507.326546
25541.232275
25552.636490
25574.424456
25602.803944
25617.476024
25715.284117
25763.349578
25763.433306
25824.617621
25853.312414
25888.996495
25896.604105
25925.319296
25955.367827
25956.017689
25979.225914
25989.448418
26001.764406
26045.383227
26081.999691
26111.272925
26129.019483
26167.054851
26183.762739
26210.343781
26230.284868
26253.712235
26290.957954
26346.734919
26352.125057
26393.814097
26395.903533
26512.159295
26515.462721
26542.528135
26609.548535
26617.491038
26666.080961
26700.007173
26706.031559
26756.834503
26790.449477
26804.002403
26862.984812
26922.568165
26934.504444
26936.433579
26977.988995
26981.790020
27057.051002
27091.659663
27120.541558
27152.913183
27177.005026
27243.579662
27249.902360
27275.192162
27308.932556
27311.097556
27322.576095
27332.264460
27345.346179
27379.045006
27384.618077
27391.130681
27435.142554
27446.064396
27450.641620
27478.603626
27493.456594
27509.213612
27513.088671
27540.645864
27585.171959
27601.385828
27647.473521
27668.449528
27681.189085
27714.943443
27723.269920
27818.829481
27847.051268
27880.375130
27914.197724
27980.477230
27981.786627
28030.206496
28047.490388
28053.479141
28090.394187
28124.140729
28151.120095
28151.389550
28180.750822
28211.514538
28212.045262
28258.938604
28270.762307
28313.689870
28314.710506
28368.576762
28374.529125
28391.597474
28415.345289
28429.751041
28449.447289
28450.570190
28476.755707
28492.297260
28510.221571
28538.645789
28600.482857
28702.334621
28761.001305
28767.164109
28818.821023
28833.456284
28833.710120
28894.330849
28895.338723
28918.402705
28941.782020
28945.874451
28954.895465
29000.211234
29059.351021
29135.261846
29156.691105
29178.597703
29223.123597
29225.952948
29264.922458
29269.687617
29287.616285
29308.411784
29328.678321
29334.673238
29396.338268
29451.532648
29463.730648
29486.091888
29489.904655
29545.458594
29551.131973
29571.977138
29612.806507
29639.219268
29645.167030
29673.449187
29720.878499
29729.751984
29772.800821
29780.069217
29802.598684
29836.701338
29871.513572
29877.894262
29899.953823
29915.254837
29944.728128
29949.136468
29957.885555
30046.619560
30048.659610
30101.551043
30115.461086
30115.989707
30175.118356
30193.304142
30197.798175
30221.041513
30256.650118
30259.902584
30303.493111
30349.536701
30359.670473
30378.131721
30415.623204
30458.996021
30505.041690
30515.380121
30546.226695
30570.852646
30572.486949
