14.705684
14.957290
27.185608
37.687798
50.864536
62.880715
91.340281
105.120961
108.124951
109.471087
157.135651
159.734371
163.637183
191.265723
204.635599
227.390640
239.789738
245.196417
252.146288
295.439159
300.139216
346.807492
372.126244
382.694982
385.888782
422.230577
457.838790
463.791622
464.535642
472.538933
480.467863
499.529770
502.422724
536.298133
555.733482
562.467528
573.866819
583.673197
593.400088
596.845832
604.687435
620.257579
624.648490
639.967799
658.196253
704.707087
709.869751
710.967919
727.053574
733.110468
748.003226
760.683928
778.804761
785.312517
795.362489
810.440378
819.333961
843.007231
860.656441
922.220647
926.221345
935.619724
950.979914
964.224817
965.441574
971.820954
976.813389
1011.984060
1015.642871
1016.827213
1030.603355
1055.584501
1056.455945
1085.362690
1086.626556
1109.778553
1111.000750
1123.557720
1146.578392
1159.513377
1170.714029
1173.035728
1218.998753
1244.028374
1259.393814
1271.573364
1301.258177
1314.817349
1323.744461
1350.653006
1387.862328
1407.849517
1413.376758
1420.550735
1425.908169
1440.367476
1477.172894
1480.914949
1486.071939
1499.751669
1523.597230
1536.079090
1553.404762
1571.754735
1578.653145
1595.495332
1602.028466
1641.687243
1643.074514
1677.217093
1691.160684
1718.103129
1725.113509
1737.402877
1742.003028
1744.301440
1781.718347
1802.449964
1844.685860
1861.126061
1864.066648
1875.144004
1896.066373
1901.398919
1911.692227
1922.196171
1923.587231
1933.107941
1935.849763
1954.348781
1959.180670
1974.221614
2005.338041
2024.891509
2025.612234
2048.008801
2057.553823
2058.501033
2060.080228
2062.903127
2070.457427
2105.038931
2110.942554
2123.641227
2156.466469
2162.628236
2195.709885
2215.117163
2241.993950
2256.160186
2276.288906
2291.598708
2294.789526
2316.245438
2319.261875
2335.893867
2348.715405
2366.462431
2373.496721
2391.651535
2416.622568
2425.974089
2426.649415
2427.500157
2439.848688
2440.564885
2447.808711
2470.114505
2474.763784
2493.546912
2521.727668
2523.146454
2529.252258
2529.820334
2534.191746
2561.564665
2577.173587
2583.447120
2607.182351
2609.981600
2619.924560
2631.492129
2651.075145
2654.727841
2666.467832
2669.307612
2676.513030
2712.803046
2726.966025
2736.402233
2740.059674
2791.105051
2794.907003
2807.320948
2811.515351
2823.851272
2829.354274
2831.306295
2836.724243
2842.620055
2847.982749
2858.795599
2871.190549
2885.553041
2899.128355
2906.930382
2909.077706
2914.143257
2950.636931
2955.804579
2966.595591
2977.409988
2991.013606
3025.820963
3027.035052
3040.032213
3043.832065
3079.373473
3083.511152
3099.207893
3116.260988
3118.040720
3148.697933
3163.394188
3176.540806
3181.812398
3202.118214
3210.554970
3212.068942
3229.224922
3235.577039
3266.282088
3269.078456
3271.928556
3297.246741
3306.896775
3318.898180
3329.237288
3331.551105
3345.167084
3357.732866
3364.603220
3375.128080
3378.099093
3391.615714
3426.437662
3439.855562
3447.025968
3487.755376
3523.813074
3527.274848
3530.285708
3536.826543
3557.219616
3567.780505
3572.400314
3628.944282
3635.080221
3637.538074
3707.380666
3717.849769
3720.862764
3721.275593
3738.336729
3746.573346
3752.611276
3753.841580
3757.275303
3761.588334
3782.025191
3790.109346
3799.014656
3815.092205
3816.078836
3825.879464
3838.926791
3844.463695
3853.072664
3860.792388
3871.146621
3879.587400
3895.341188
3909.461234
3921.937754
3944.171079
3944.784697
4002.163281
4006.515740
4014.310869
4017.031018
4081.945796
4094.078702
4099.386732
4106.037355
4128.333935
4158.398497
4182.538096
4191.414042
4215.768173
4220.295369
4250.169777
4258.641795
4259.935615
4272.055622
4283.084626
4292.764975
4294.207548
4305.290004
4311.630167
4344.437898
4360.515584
4379.610310
4405.847541
4431.738807
4434.304153
4437.756568
4448.333902
4463.893325
4475.030224
4481.389677
4503.656852
4534.600085
4554.348686
4558.366012
4565.101948
4583.792497
4608.428293
4610.479653
4623.968772
4633.062669
4637.921154
4644.156172
4659.837131
4667.329042
4682.879459
4699.945601
4710.368435
4713.151759
4716.660434
4721.539332
4728.581946
4741.506782
4776.071384
4791.152068
4792.951478
4802.416257
4804.724971
4810.469151
4836.575053
4845.880846
4846.824913
4851.618413
4856.207514
4862.567028
4890.003326
4894.233997
4910.409709
4920.694019
4933.234904
4965.604577
4978.289881
5000.424142
5013.015762
5025.506887
5031.795656
5033.623233
5034.376445
5067.721564
5090.727715
5094.815648
5117.529880
5118.849101
5133.493860
5144.982447
5150.157728
5154.136431
5159.872241
5188.656829
5195.759927
5200.641821
5221.280337
5244.311125
5253.063691
5256.039618
5265.844415
5291.826653
5317.249004
5321.389611
5332.555640
5332.716820
5346.213979
5383.118055
5395.387774
5406.199000
5407.840258
5440.891827
5456.755773
5464.720772
5465.623742
5478.617129
5496.591932
5509.084333
5512.717627
5519.428589
5530.535416
5562.106545
5570.149788
5596.418685
5604.160730
5604.601678
5616.330500
5630.995327
5634.754782
5673.263547
5674.894806
5692.526296
5696.373408
5706.452953
5716.488377
5726.791639
5728.832908
5744.143885
5792.664984
5796.265531
5803.791777
5853.475309
5866.977637
5871.222208
5882.608936
5886.804827
5898.681915
5899.177594
5933.353646
5949.922446
5985.768245
5988.152889
6000.871522
6042.840303
6042.941157
6065.369228
6067.385949
6078.724425
6084.682247
6098.369461
6101.378737
6103.547331
6107.993790
6112.707579
6140.945217
6143.102719
6168.599154
6193.528391
6194.261113
6224.479680
6247.238126
6253.313122
6261.290296
6261.972102
6296.023298
6322.182518
6344.396098
6353.228147
6397.333888
6408.714536
6432.741298
6442.323540
6446.370572
6482.178651
6483.170223
6491.875581
6508.891776
6541.214925
6542.167653
6544.876284
6556.764425
6567.666243
6591.134977
6593.839402
6593.882573
6610.757239
6624.731623
6627.589947
6637.511255
6645.887127
6646.608405
6653.195932
6662.416307
6670.905512
6699.795674
6708.410546
6712.971945
6715.068650
6726.125455
6732.256837
6758.321896
6781.309003
6800.896715
6801.952043
6814.235532
6849.928190
6862.901026
6902.249307
6907.622553
6951.849416
6978.302161
6987.863846
7000.552736
7012.937611
7022.943590
7034.156414
7057.144210
7062.234241
7067.046903
7089.928891
7090.706526
7110.447919
7110.700451
7117.581388
7132.163284
7168.434977
7173.903689
7182.279843
7186.877788
7187.714072
7189.783538
7195.673344
7219.372596
7233.307041
7233.504088
7246.026227
7258.195441
7277.187573
7277.820572
7302.809348
7314.785808
7327.888792
7357.670385
7369.847122
7382.993906
7383.938509
7404.037836
7411.980130
7418.656107
7445.527778
7458.101845
7481.820464
7490.571499
7504.860206
7526.504091
7534.012551
7544.435986
7547.898974
7574.355651
7580.145564
7583.814137
7599.956953
7613.644938
7641.949909
7642.233312
7671.368606
7679.219835
7699.574887
7709.881115
7712.181992
7719.088997
7723.348405
7736.377717
7738.120145
7759.159834
7771.472390
7772.147043
7774.726412
7785.404523
7790.565250
7829.969047
7830.869823
7863.381090
7879.912400
7906.091499
7912.713988
7925.048114
7940.252793
7958.563451
7983.412801
7984.208506
8014.946667
8023.615624
8036.486006
8057.264253
8059.290812
8078.676054
8084.621728
8091.570573
8091.905191
8097.557923
8105.612843
8140.833600
8149.071396
8159.494289
8167.699996
8192.376244
8197.155017
8224.109845
8231.420974
8236.393182
8246.396317
8251.841470
8254.040360
8260.940014
8274.956774
8287.662201
8321.873562
8322.105613
8334.130706
8339.725620
8353.687041
8358.684612
8377.384561
8392.493857
8425.998664
8435.674204
8453.980575
8458.984564
8460.808793
8466.857156
8487.217843
8498.276238
8501.809323
8529.304212
8533.026349
8548.067900
8552.332188
8553.988534
8558.808745
8569.641659
8619.161443
8622.354269
8624.176958
8632.067884
8637.244267
8638.156241
8650.730367
8667.982130
8686.380896
8698.998170
8708.461478
8742.638388
8757.168283
8787.431009
8803.564897
8806.406996
8809.291922
8810.905698
8813.196570
8813.276573
8819.227383
8831.476203
8836.105513
8837.087350
8837.846717
8848.959384
8865.839308
8894.216853
8900.847893
8922.290490
8926.923094
8949.576754
8965.835720
8979.820856
9000.665525
9002.865324
9012.836048
9015.831217
9022.556929
9032.445851
9049.856109
9083.250773
9095.943627
9105.036636
9118.929002
9125.223820
9133.416513
9162.627272
9181.304333
9185.240777
9192.862410
9193.945144
9228.036327
9251.505850
9276.806731
9277.921442
9285.045078
9292.286212
9313.104663
9359.193707
9363.293044
9375.345769
9383.024016
9409.370080
9415.399610
9418.102459
9429.643757
9455.563264
9463.306896
9478.969995
9508.129944
9539.955179
9551.856961
9552.571737
9575.384762
9585.689069
9609.951886
9632.870983
9640.810299
9642.821584
9658.794577
9677.061917
9696.992076
9722.689661
9724.139053
9738.127496
9749.238877
9754.668494
9758.445673
9773.204761
9785.108393
9788.282755
9829.599187
9830.027182
9874.068148
9878.774380
9883.466731
9909.128478
9912.911546
9921.685891
9924.927089
9944.937324
9947.530093
9956.931222
9965.860384
9969.333178
9995.558243
10015.526398
10019.442664
10033.849496
10036.253055
10095.730817
10101.713387
10107.239873
10120.400744
10140.157494
10142.019186
10191.510642
10199.490778
10210.142726
10210.657665
10217.028045
10219.757144
10252.409624
10277.455675
10289.336330
10297.270794
10322.879186
10335.451022
10339.424004
10350.734155
10373.674429
10377.574997
10396.234445
10412.056217
10425.596322
10433.267254
10455.173261
10467.894902
10482.257377
10494.779915
10502.268556
10523.386952
10534.601809
10557.102855
10558.696701
10562.845223
10578.861612
10636.433734
10647.693351
10653.321259
10666.531351
10677.731650
10680.186339
10681.296457
10708.949764
10710.362944
10726.834765
10736.934096
10753.223519
10797.268247
10804.203185
10804.309082
10806.396946
10811.523001
10814.249064
10824.805522
10827.436664
10836.008368
10862.734041
10863.744053
10890.596212
10921.282895
10932.920301
10936.987511
10960.631387
10967.067152
11002.310666
11012.232399
11017.381196
11047.662066
11051.615825
11055.192409
11081.823925
11101.673877
11114.972858
11127.042760
11138.900524
11150.686323
11160.571431
11197.008860
11201.671679
11209.894822
11244.128555
11247.403952
11250.823426
11269.901910
11284.942150
11299.714734
11307.616442
11308.337957
11354.744465
11362.290642
11372.535803
11375.781359
11387.953222
11400.060825
11422.581475
11431.846814
11445.984147
11478.844635
11516.806693
11527.795296
11551.902428
11553.297438
11556.395784
11569.318724
11587.354871
11604.719257
11613.931529
11618.965853
11621.176326
11629.010465
11630.165167
11651.226668
11661.249992
11682.697787
11712.700327
11723.337404
11725.486243
11738.982810
11740.037874
11744.105995
11753.817621
11776.739354
11789.055821
11814.444725
11827.099324
11832.370956
11845.747327
11893.907633
11902.991293
11924.497436
11937.948537
11973.078340
11981.331959
11989.357738
12007.637614
12022.691811
12029.527494
12042.740082
12087.018321
12090.142875
12092.397859
12107.105712
12120.181031
12133.325417
12142.012256
12156.332856
12189.680104
12205.346438
12206.789282
12213.862532
12247.039666
12254.898203
12277.231587
12288.369890
12292.453882
12302.986225
12304.483145
12338.585984
12358.378279
12374.478273
12395.504991
12404.309735
12450.143416
12455.842952
12462.519320
12467.152420
12475.214317
12478.055325
12488.145526
12494.370515
12514.852818
12523.807074
12560.311731
12564.149240
12564.782168
12580.398762
12616.488712
12634.184253
12653.126885
12658.613613
12673.059752
12680.597353
12683.291833
12691.819161
12708.493270
12721.652190
12753.325980
12762.822933
12765.892585
12774.851090
12809.940957
12835.673098
12842.696268
12845.485277
12858.397093
12893.547815
12916.159508
12926.599368
12928.305993
12931.118991
12950.946844
12955.478220
12959.172311
12990.817996
13016.918477
13026.043567
13030.537269
13034.240937
13043.971485
13079.272820
13082.466110
13086.627595
13137.560189
13141.668109
13146.740486
13148.568289
13154.428569
13180.572646
13218.020638
13219.028040
13230.693045
13234.989048
13247.311575
13262.879379
13266.742058
13299.692909
13305.616619
13325.238001
13333.635458
13388.484866
13392.152441
13405.955048
13406.218773
13415.057293
13418.023558
13437.336740
13449.432873
13451.101955
13453.105294
13465.242547
13473.059309
13493.664333
13496.011870
13500.004531
13508.911008
13526.944177
13546.331767
13572.077770
13580.213312
13585.339494
13598.466885
13606.233451
