60088
89978
119996
134907
179882
180006
269679
300090
359380
360164
480157
584580
600120
629562
660021
719980
764956
779926
809950
840023
854778
944859
1020249
1035059
1080260
1125160
1140392
1260359
1350291
1680525
1755227
1845067
1860638
2100573
2159796
2160584
2204696
2249692
2294733
2339619
2384738
2400641
2429858
2474848
2519910
2609845
2640850
2654832
2699993
2700935
2760940
2790099
2820900
2835101
2880145
2880918
2925290
2970400
3000929
3120839
3150237
3180707
3195224
3240179
3300749
3330291
3480598
3554901
3599837
3869726
4095221
4230455
4320277
4410389
4501315
4590281
4680173
4741195
4815198
4860299
4920941
4950246
4980927
5040151
5040970
5085038
5220121
5221158
5264973
5310106
5355122
5400289
5401341
5490112
5581457
5701625
5761701
5940579
5985609
6030535
6120484
6121373
6181359
6210310
6300352
6345529
6421617
6435839
6721669
6840666
6841724
6885594
6901696
6961625
7065684
7141559
7155817
7245489
7261494
7290472
7321390
7441307
7515469
7561486
7650661
7785664
7875529
8101621
8145475
8190550
8235386
8280204
8415391
8461623
8761539
8775175
8820189
8955427
9000482
9001324
9090660
9121203
9180623
9241100
9315519
9360613
9361054
9481137
9495665
9675881
9720833
9720895
9781021
9900583
9960938
10080979
10125584
10141112
10215862
10320985
10350934
10440835
10500711
10560605
10575863
10620620
10620842
10755879
10845891
10860469
10980725
10980770
11025717
11070465
11100724
11115529
11220845
11295303
11340273
11341094
11461085
11475424
11520477
11565500
11610592
11655789
11761177
11790929
11880768
11881176
11925780
12001305
12061379
12150851
12181535
12240706
12301656
12361565
12421698
12465594
12510562
12600608
12601653
12645752
12690671
12721772
12825729
12915602
12961522
13005364
13021397
13050271
13140284
13185342
13321379
13381259
13410870
13545826
13621209
13635987
13681117
13861078
13861244
13921145
13981093
14041325
14176306
14266213
14356340
14400972
14446291
14491198
14625837
14701210
14761228
14821405
14985416
15061539
15075458
15165685
15181610
15210698
15255806
15301029
15301472
15345978
15435981
15541612
15570781
15615585
15841541
15885584
15901554
15961564
15975886
16021690
16066078
16081616
16141671
16156157
16201192
16201767
16291283
16321727
16501665
16605977
16621482
16681435
16695807
17055841
17100914
17161745
17191036
17221735
17236129
17581610
17595487
17730627
17761552
17910753
17941667
18000631
18001734
18045584
18090488
18180281
18270246
18422033
18495149
18540171
18584931
18629854
18782121
18854601
18902388
18962250
18989811
19124468
19142282
19262054
19382281
19529052
19562184
19619053
19622242
19682156
19742132
19844307
19889215
19934082
19979092
19982357
20042291
20102212
20162192
20203775
20222064
20248969
20282252
20429176
20462226
20563947
20582305
20702359
20789218
20822594
20882608
20924357
21002663
21059184
21194589
21239556
21362231
21422218
21464248
21601948
21661963
21689140
21722060
21734141
21781892
21959231
22049437
22081584
22094437
22139450
22201658
22274680
22319737
22409629
22441707
22454666
22501529
22621711
22634470
22724476
22769503
22814546
22861771
22949385
23039358
23041850
23161890
23221826
23264559
23281890
23399688
23444741
23461949
23490010
23522039
23535066
23625179
23641917
23701959
23762090
23822028
23882078
23895202
23985112
24030203
24075252
24122234
24165203
24255290
24301939
24345090
24361922
24422102
24480078
24482126
24525101
24659779
24662149
24722322
24782186
24902256
24974629
25019633
25082384
25142495
25154776
25202560
25262636
25322779
25380168
25382908
25442932
25562934
25604951
25622834
25695159
25802637
25830401
25875405
25920263
26222582
26282433
26342326
26402212
26505804
26550767
26642560
26686007
26731041
26775940
26942386
26955910
27045832
27122689
27180987
27316015
27362619
27482590
27542446
27631184
27676135
27901262
27902247
27962224
27991455
28022267
28171402
28202012
28261972
28502108
28562094
28576473
28682183
28921985
28981599
29026634
29116518
29161495
29161936
29281840
29296326
29341435
29341772
29476542
29641888
29761642
29926625
30016633
30061587
30121780
30181710
30241833
30286933
30301640
30332025
30646737
30736700
30781709
30961610
31021507
31051737
31186675
31231742
31261566
31276922
31322012
31501769
31501849
31636926
31682045
31922274
31951980
31982295
31996866
32086754
32102344
32222240
32266646
32282380
32356628
32401616
32402202
32446700
32462208
32491571
32522241
32581597
32626766
32671680
32702067
32716724
32821916
32941628
33001872
33031739
33121537
33181863
33211453
33256487
33301596
33346484
33481313
33541550
33796467
33841495
33841537
33976769
34021434
34021813
34081256
34156603
34261148
34321011
34336663
34380925
34381510
34426645
34440797
34500702
34560816
34561923
34607107
34652030
34697034
34800851
34920825
34980888
35011962
35056937
35146905
35160670
35220620
35280668
35281932
35340754
35460500
35506494
35580468
35596437
35700556
35731643
35760639
35776527
35880726
35940815
35956351
36060907
36091438
36120831
36180980
36271438
36316392
36360831
36406625
36481048
36541176
36541746
36586793
36661174
36676965
36811815
36901166
36902012
36947129
37080930
37140833
37172025
37200743
37260730
37307104
37320750
37380651
37440496
37487077
37500390
37620537
37667136
37712185
37740429
37800383
37936690
37980178
38100002
38161590
38219687
38251383
38296329
38339374
38399284
38459288
38476337
38521325
38611181
38639457
38699367
38819498
38836337
38881305
38939390
38999272
39016266
39106118
39150999
39196012
39240895
39299358
39331114
39359213
39419141
39466380
39479174
39511466
39601132
39691029
39779241
39825911
39915839
39959460
39960831
40019251
40095689
40199294
40259248
40320612
40379546
40455629
40619621
40635424
40679582
40770584
40859324
40995729
41039071
41040667
41159003
41265884
41355861
41399006
41458915
41639278
41716228
41806097
41819177
41879224
41895901
42030680
42058792
42075679
42165722
42178659
42298765
42345792
42418860
42478762
42480919
42598846
42615925
42705831
42718894
42750844
42930675
42975708
43155429
43198810
43258846
43335529
43380737
43470545
43498705
43515362
43605454
43918867
43965862
44055724
44098635
44100754
44145718
44158573
44190662
44218780
44325722
44398847
44415660
44460706
44505735
44578635
44595504
44638567
44685407
44698432
44730336
44818503
44938383
45000696
45178223
45181026
45238352
45298317
45360938
45405994
45418247
45495965
45538224
45597982
45630460
45777831
45837948
45897978
45900067
45945162
45990287
46080395
46260357
46318029
46350190
46395137
46437990
46440197
46485312
46497936
46530432
46557865
46620438
46798289
46800300
46845105
46858220
46935167
46978159
47098247
47115215
47250470
47278267
47385233
47458080
47518026
47565246
47578113
47610213
47638102
47745275
47790508
47835419
48015267
48057827
48117910
48150270
48177867
48240309
48297970
48330387
48465110
48554930
48600085
48657593
48777728
48779861
48837971
48869885
48897952
49018033
49077940
49094924
49139912
49229824
49257793
49274729
49319774
49497925
49500143
49545250
49557855
49590402
49680277
49737898
49770179
49950031
50130238
50157588
50175303
50220180
50265092
50337411
50397468
50400130
50457551
50517622
50535147
50697688
50805191
50817616
50985003
51117684
51165271
51237857
51297932
51300317
51477970
51479987
51598139
51615352
51658094
51660396
51718100
51778204
51795320
51838098
52020179
52065205
52110153
52138685
52200161
52318274
52470291
52560084
52605099
52695096
52797915
52875214
53145270
53218094
53325376
53338035
53415563
53458045
53505479
53518051
53577997
53638204
53640510
53685394
53730444
53758078
53877790
53937843
53997948
54058002
54090704
54117882
54177757
54225528
54297781
54417783
54477836
54537740
54674862
54764852
54809811
54854780
54944955
54957877
55124562
55169577
55197762
55214613
55259864
55317740
55377790
55394487
55557774
55617765
55619396
55709256
55737974
55797950
55844241
55857822
55977883
55979375
56159242
56249487
56294553
56338054
56339519
56429361
56518217
56519149
56564268
56744308
56834357
56878649
56998555
57014367
57058541
57059529
57104732
57149728
57238436
57284584
57329512
57358459
57464157
57509092
57599039
57643946
57657950
57717965
57778999
57913614
57958661
58048512
58078111
58138120
58138681
58273678
58318696
58498781
58588669
58618221
58678301
58738060
58797991
58858207
58903487
58918373
58978380
58993540
59038534
59083585
59128650
59158152
59263625
59308663
59338359
59533851
59578722
59668892
59713903
59758440
59803861
59818315
59848949
59878361
59893885
60029292
60118523
60238631
60254301
60298632
60434727
60478537
60659693
60704648
60718496
60749794
60839622
60929427
61018742
61019340
61064326
61138706
61154228
61318569
61333873
61378704
61378900
61514223
61559268
61604185
61649238
61678887
61694364
61738818
61798858
61829341
61858949
61919176
61964228
61978782
62038611
62054012
62098497
62158651
62189199
62459047
62518612
62548975
62818351
62863799
62998713
63118223
63238319
63298342
63313861
