14.705684
27.185608
37.687798
50.864536
62.880715
91.340281
108.124951
109.471087
159.734371
191.265723
204.635599
227.390640
239.789738
245.196417
300.139216
346.807492
382.694982
422.230577
463.791622
472.538933
480.467863
499.529770
502.422724
536.298133
562.467528
583.673197
604.687435
624.648490
639.967799
658.196253
704.707087
709.869751
810.440378
843.007231
922.220647
950.979914
964.224817
971.820954
1011.984060
1030.603355
1055.584501
1085.362690
1109.778553
1111.000750
1123.557720
1159.513377
1170.714029
1173.035728
1218.998753
1244.028374
1271.573364
1301.258177
1314.817349
1323.744461
1350.653006
1387.862328
1407.849517
1425.908169
1440.367476
1477.172894
1499.751669
1523.597230
1536.079090
1553.404762
1595.495332
1641.687243
1677.217093
1691.160684
1718.103129
1725.113509
1744.301440
1781.718347
1802.449964
1864.066648
1875.144004
1896.066373
1901.398919
1911.692227
1922.196171
1954.348781
1974.221614
2005.338041
2024.891509
2058.501033
2060.080228
2070.457427
2105.038931
2110.942554
2123.641227
2162.628236
2215.117163
2276.288906
2291.598708
2335.893867
2348.715405
2366.462431
2373.496721
2391.651535
2427.500157
2470.114505
2474.763784
2493.546912
2523.146454
2529.820334
2577.173587
2607.182351
2654.727841
2676.513030
2726.966025
2791.105051
2794.907003
2807.320948
2811.515351
2871.190549
2885.553041
2899.128355
2914.143257
2966.595591
2977.409988
2991.013606
3025.820963
3027.035052
3043.832065
3083.511152
3099.207893
3148.697933
3163.394188
3176.540806
3181.812398
3210.554970
3266.282088
3269.078456
3297.246741
3306.896775
3331.551105
3345.167084
3375.128080
3391.615714
3426.437662
3439.855562
3447.025968
3487.755376
3523.813074
3536.826543
3557.219616
3572.400314
3628.944282
3635.080221
3637.538074
3707.380666
3720.862764
3721.275593
3746.573346
3761.588334
3782.025191
3799.014656
3853.072664
3879.587400
3895.341188
3909.461234
3921.937754
3944.171079
4002.163281
4006.515740
4017.031018
4081.945796
4094.078702
4099.386732
4106.037355
4215.768173
4220.295369
4250.169777
4258.641795
4259.935615
4272.055622
4292.764975
4305.290004
4311.630167
4344.437898
4360.515584
4448.333902
4463.893325
4475.030224
4534.600085
4554.348686
4565.101948
4610.479653
4623.968772
4644.156172
4659.837131
4682.879459
4716.660434
4741.506782
4791.152068
4792.951478
4836.575053
4846.824913
4851.618413
4933.234904
5000.424142
5013.015762
5033.623233
5067.721564
5090.727715
5144.982447
5150.157728
5154.136431
5188.656829
5200.641821
5244.311125
5332.716820
5383.118055
5395.387774
5406.199000
5440.891827
5478.617129
5530.535416
5562.106545
5570.149788
5596.418685
5616.330500
5673.263547
5674.894806
5706.452953
5728.832908
5744.143885
5792.664984
5796.265531
5803.791777
5882.608936
5886.804827
5899.177594
5933.353646
5949.922446
5985.768245
5988.152889
6042.840303
6065.369228
6078.724425
6101.378737
6103.547331
6112.707579
6140.945217
6143.102719
6194.261113
6247.238126
6261.290296
6261.972102
6322.182518
6353.228147
6397.333888
6432.741298
6442.323540
6446.370572
6482.178651
6542.167653
6544.876284
6591.134977
6593.882573
6624.731623
6637.511255
6645.887127
6646.608405
6670.905512
6715.068650
6800.896715
6801.952043
6814.235532
6862.901026
6902.249307
6907.622553
6978.302161
6987.863846
7000.552736
7022.943590
7034.156414
7057.144210
7062.234241
7089.928891
7110.700451
7117.581388
7168.434977
7182.279843
7189.783538
7219.372596
7246.026227
7277.187573
7277.820572
7327.888792
7357.670385
7382.993906
7418.656107
7445.527778
7481.820464
7504.860206
7526.504091
7534.012551
7544.435986
7547.898974
7580.145564
7583.814137
7599.956953
7641.949909
7642.233312
7671.368606
7723.348405
7736.377717
7759.159834
7771.472390
7790.565250
7829.969047
7863.381090
7879.912400
7912.713988
7940.252793
7958.563451
7983.412801
7984.208506
8014.946667
8023.615624
8036.486006
8078.676054
8091.570573
8097.557923
8105.612843
8140.833600
8149.071396
8167.699996
8197.155017
8236.393182
8246.396317
8287.662201
8322.105613
8334.130706
8339.725620
8358.684612
8377.384561
8392.493857
8435.674204
8460.808793
8466.857156
8487.217843
8498.276238
8501.809323
8558.808745
8622.354269
8638.156241
8650.730367
8686.380896
8708.461478
8809.291922
8813.276573
8819.227383
8848.959384
8894.216853
8926.923094
8949.576754
8965.835720
9002.865324
9012.836048
9022.556929
9049.856109
9083.250773
9105.036636
9162.627272
9181.304333
9185.240777
9193.945144
9228.036327
9251.505850
9285.045078
9313.104663
9363.293044
9375.345769
9409.370080
9415.399610
9418.102459
9463.306896
9478.969995
9508.129944
9539.955179
9551.856961
9552.571737
9575.384762
9585.689069
9632.870983
9642.821584
9658.794577
9722.689661
9738.127496
9749.238877
9758.445673
9773.204761
9829.599187
9830.027182
9921.685891
9947.530093
9956.931222
9965.860384
10019.442664
10036.253055
10095.730817
10107.239873
10199.490778
10217.028045
10219.757144
10277.455675
10297.270794
10335.451022
10350.734155
10373.674429
10377.574997
10425.596322
10455.173261
10467.894902
10494.779915
10502.268556
10558.696701
10562.845223
10636.433734
10647.693351
10681.296457
10710.362944
10736.934096
10753.223519
10797.268247
10804.309082
10827.436664
10836.008368
10862.734041
10863.744053
10890.596212
10921.282895
10960.631387
11002.310666
11012.232399
11017.381196
11047.662066
11114.972858
11127.042760
11197.008860
11201.671679
11209.894822
11244.128555
11250.823426
11307.616442
11308.337957
11362.290642
11372.535803
11375.781359
11387.953222
11422.581475
11445.984147
11478.844635
11516.806693
11527.795296
11553.297438
11556.395784
11569.318724
11587.354871
11604.719257
11618.965853
11630.165167
11661.249992
11682.697787
11738.982810
11740.037874
11744.105995
11753.817621
11776.739354
11789.055821
11814.444725
11832.370956
11845.747327
11893.907633
11924.497436
11937.948537
11973.078340
11981.331959
11989.357738
12007.637614
12042.740082
12087.018321
12090.142875
12107.105712
12120.181031
12142.012256
12156.332856
12205.346438
12213.862532
12247.039666
12302.986225
12304.483145
12338.585984
12374.478273
12395.504991
12450.143416
12478.055325
12488.145526
12514.852818
12523.807074
12560.311731
12564.782168
12580.398762
12616.488712
12658.613613
12680.597353
12683.291833
12708.493270
12721.652190
12753.325980
12774.851090
12835.673098
12845.485277
12893.547815
12926.599368
12950.946844
12990.817996
13026.043567
13030.537269
13043.971485
13079.272820
13086.627595
13137.560189
13141.668109
13148.568289
13180.572646
13218.020638
13219.028040
13230.693045
13234.989048
13266.742058
13299.692909
13325.238001
13388.484866
13406.218773
13415.057293
13418.023558
13449.432873
13453.105294
13493.664333
13496.011870
13508.911008
13546.331767
13585.339494
13608.746094
13616.426077
13633.028118
13654.523142
13760.285120
13778.859884
13782.578023
13818.324692
13865.531344
13874.214994
13876.463926
13910.254278
13955.667075
13957.123180
13970.433562
14006.348342
14009.139523
14063.453560
14123.793350
14142.468609
14155.010609
14178.571639
14188.148926
14223.586258
14242.653835
14248.048678
14312.624160
14318.284309
14331.499786
14338.416784
14367.108539
14372.307158
14416.927796
14424.394192
14470.851712
14504.521500
14534.689569
14546.824541
14549.741923
14585.102200
14602.075302
14607.333327
14639.463618
14688.299760
14710.459536
14724.068926
14777.186985
14782.600838
14796.349287
14804.033499
14839.579467
14863.419678
14876.215468
14883.188061
14899.217046
14910.665681
14936.494979
14999.359261
15019.121750
15041.828867
15054.475383
15056.672602
15071.741476
15089.048997
15110.956241
15146.239365
15154.745889
15180.541917
15223.570962
15237.227172
15247.646167
15267.729586
15273.394716
15305.781810
15330.633637
15348.398781
15372.285632
15410.996072
15424.793935
15464.079416
15492.576032
15517.965563
15530.780286
15597.154242
15608.017753
15618.846060
15640.029447
15656.815553
15693.672210
15708.088498
15734.305940
15741.719330
15768.439580
15781.825473
15816.281639
15816.567187
15843.069912
15873.627770
15873.697878
15939.186738
15953.053575
15959.674226
15997.287896
16001.512839
16013.447578
16051.722010
16060.996338
16097.927764
16124.564349
16141.265355
16151.655897
16183.138382
16190.355145
16213.470733
16215.264921
16236.868436
16250.090352
16294.148165
16311.385246
16324.098135
16346.237289
16359.788463
16406.636215
16417.226140
16440.540170
16475.529396
16510.180961
16534.566631
16544.105346
16552.495391
16601.073278
16605.064645
16638.472492
16663.628363
16691.983424
16692.990813
16699.921196
16728.225615
16745.542583
16787.000555
16794.043861
16800.594674
16864.363647
16866.387510
16879.956008
16912.676599
16914.812062
16935.254320
16950.896232
16973.218217
17005.089818
17055.122295
17074.959246
17102.153664
17104.090627
17128.504786
17156.772798
17160.657836
17160.902224
17202.480870
17234.419358
17246.998428
17254.427337
17263.292401
17314.793479
17340.773421
17382.097403
17385.699502
17421.452969
17422.067466
17436.036939
17464.930307
17472.480303
17477.833719
17530.076717
17550.417539
17553.162439
17579.136142
17613.649613
17621.749068
17639.314923
17656.924229
17709.249211
17711.128467
17770.614621
17789.286629
17803.857668
17841.077539
17841.486199
17858.978207
17899.887080
17900.291169
17920.667754
17992.684513
18008.535723
18024.930728
18028.665460
18034.794105
18070.608446
18078.257494
18114.960290
18116.013798
18154.524790
18167.213550
18167.922219
18203.816727
18261.343942
18302.047263
18338.048359
18339.793967
18383.857148
18385.016332
18438.711368
18477.272145
18502.105799
18514.757018
18536.249184
18564.437123
18622.856972
18703.341380
18717.527727
18752.993503
18763.339665
18796.907951
18811.321712
18836.645689
18842.346322
18891.970985
18892.227663
18943.481534
18956.523824
18962.109907
18991.691809
19002.764492
19035.481427
19049.628897
19083.812002
19090.193308
19134.209976
19151.622859
19154.432463
19191.587079
19227.244576
19270.439416
19270.904496
19284.487019
19308.708613
19309.001790
19378.469347
19427.141146
19433.495791
19458.601559
19462.875772
19470.719842
19503.712195
19509.214316
19557.757157
19564.770919
19621.449060
19629.885719
19633.985598
19645.569195
19704.359941
19736.207775
19739.160389
19776.452616
19788.181430
19814.048507
19827.622613
19829.754114
19864.617321
19881.440317
19901.258667
19907.351176
20004.048110
20045.581350
20049.623667
20092.824317
20105.220689
20111.751168
20187.216038
20196.653548
20212.070276
20249.576054
20270.658615
20302.717306
20363.604954
20365.092959
20372.432125
20375.986601
20390.251711
20468.551035
20520.655666
20559.680289
20592.205663
20645.086460
20651.987033
20678.067391
20720.848877
20731.806704
20732.619682
20772.390124
20817.828867
20820.860775
20842.855088
20846.730399
20892.980286
20926.881378
20929.962303
20940.837953
20980.878338
21033.402930
21043.873672
21076.446221
21088.694366
21124.324789
21151.065328
21183.247511
21189.610911
21196.493432
21243.605336
21262.758794
21275.688861
21311.204510
21313.483179
21313.557733
21348.859798
21393.830857
21400.002838
21448.163425
21452.674689
21464.300420
21497.455357
21503.745052
21510.841727
21551.492405
21582.915707
21624.456822
21627.865959
21642.464945
21662.384110
21663.709958
21679.366711
21715.250770
21738.304201
21751.542036
21783.873205
21813.786637
21819.749447
21860.101149
21865.532119
21914.182011
21919.767624
21970.952520
21977.002589
21994.482573
22042.368603
22088.034885
22101.213045
22179.347506
22179.406796
22193.020128
22217.351867
22229.023243
22242.598201
22249.463210
22276.134868
22287.349668
22319.134142
22335.753226
22372.825745
22380.115504
22436.004526
22436.104103
22469.041764
22508.731793
22547.069263
22552.182330
22560.982298
22590.996965
22596.730234
22645.180892
22654.761600
22709.686907
22713.977591
22736.160970
22745.997851
22748.321190
22782.100027
22791.102420
22903.320720
22908.373138
22917.917079
22931.408185
22965.658648
23022.256981
23022.704743
23101.599242
23146.294896
23156.236795
23182.971327
23185.176336
23198.806970
23266.884326
23274.721101
23286.554151
23320.152940
23324.212133
23374.554219
23391.867002
23449.600849
23461.856775
23469.391184
23495.080805
23495.166463
23533.746431
23550.286822
23555.620804
23587.123346
23626.957535
23639.871718
23650.833962
23656.861435
23674.545936
23676.037504
23707.542635
23743.053655
23749.758554
23824.737150
23932.527875
23963.012511
24000.012895
24009.661021
24010.927057
24046.276386
24053.074717
24093.564399
24101.667120
24120.813096
24121.306340
24156.934175
24179.541040
24202.659202
24228.286615
24286.069705
24304.995309
24321.202646
24366.284742
24380.299907
24393.097944
24416.230249
24422.038190
24458.739779
24474.027510
24474.283106
