14.705684
27.185608
37.687798
50.864536
62.880715
91.340281
108.124951
109.471087
159.734371
163.637183
164.612085
191.265723
204.635599
218.905147
227.390640
239.789738
245.196417
257.788178
295.439159
300.139216
346.807492
372.126244
382.694982
385.888782
396.892344
422.230577
463.791622
472.538933
480.467863
499.529770
502.422724
536.298133
555.733482
562.467528
573.866819
579.717530
583.673197
585.035842
604.687435
624.648490
639.967799
658.196253
682.779718
704.707087
709.869751
733.110468
739.973292
740.229275
748.003226
778.804761
785.312517
810.440378
843.007231
860.656441
896.865996
914.756281
922.220647
926.221345
935.619724
950.979914
964.224817
971.820954
976.813389
1011.984060
1016.827213
1030.603355
1055.584501
1085.362690
1109.778553
1111.000750
1123.557720
1145.383226
1159.513377
1166.146242
1170.714029
1173.035728
1218.998753
1244.028374
1271.573364
1301.258177
1314.817349
1323.744461
1350.653006
1387.862328
1407.849517
1413.376758
1425.908169
1440.367476
1477.172894
1480.914949
1486.071939
1499.751669
1523.597230
1536.079090
1536.855185
1553.404762
1578.653145
1595.495332
1641.687243
1643.074514
1677.217093
1691.160684
1718.103129
1725.113509
1744.301440
1781.718347
1802.449964
1861.126061
1864.066648
1867.185113
1875.144004
1896.066373
1901.398919
1911.692227
1922.196171
1954.348781
1959.180670
1974.221614
2005.338041
2024.891509
2058.501033
2060.080228
2063.321481
2070.457427
2072.865764
2105.038931
2110.942554
2123.641227
2158.671453
2162.628236
2195.709885
2215.117163
2241.993950
2256.160186
2276.288906
2291.598708
2335.893867
2348.715405
2350.559460
2357.953148
2366.462431
2373.496721
2391.651535
2416.149726
2425.974089
2426.649415
2427.500157
2440.564885
2459.860328
2467.256388
2470.114505
2474.763784
2493.546912
2513.724281
2523.146454
2529.820334
2577.173587
2583.447120
2607.182351
2619.924560
2651.075145
2654.727841
2655.221571
2676.513030
2712.803046
2726.966025
2791.105051
2794.907003
2807.320948
2811.515351
2831.306295
2836.724243
2842.620055
2871.190549
2885.553041
2899.128355
2911.012580
2914.143257
2955.804579
2966.595591
2977.409988
2991.013606
3025.820963
3027.035052
3043.832065
3076.437625
3083.511152
3099.207893
3148.697933
3163.394188
3176.540806
3181.812398
3210.554970
3266.282088
3269.078456
3271.928556
3281.378733
3297.246741
3306.896775
3311.860388
3331.551105
3345.167084
3357.732866
3364.603220
3375.128080
3391.615714
3395.773353
3426.437662
3439.855562
3447.025968
3473.377225
3487.755376
3523.813074
3530.285708
3536.826543
3557.219616
3572.400314
3606.621162
3628.944282
3635.080221
3637.538074
3707.380666
3709.294978
3720.862764
3721.275593
3742.661038
3746.573346
3757.275303
3761.588334
3782.025191
3799.014656
3815.092205
3825.879464
3853.072664
3879.587400
3895.341188
3896.000230
3909.461234
3913.603271
3921.937754
3944.171079
3944.784697
4002.163281
4006.515740
4017.031018
4081.945796
4094.078702
4099.386732
4106.037355
4128.333935
4147.098987
4182.538096
4191.414042
4215.768173
4220.295369
4248.946477
4250.169777
4258.641795
4259.935615
4272.055622
4292.764975
4305.290004
4311.630167
4344.437898
4360.515584
4379.610310
4405.847541
4437.756568
4448.333902
4463.893325
4475.030224
4481.389677
4488.668221
4534.600085
4554.348686
4565.101948
4570.100287
4610.479653
4623.387215
4623.968772
4644.156172
4659.837131
4667.329042
4682.879459
4699.945601
4716.660434
4721.539332
4741.506782
4776.071384
4791.152068
4792.951478
4804.724971
4836.575053
4846.824913
4851.618413
4890.003326
4911.138269
4920.694019
4933.234904
4955.703182
4965.604577
4978.289881
5000.424142
5013.015762
5022.529788
5033.623233
5067.721564
5090.727715
5117.529880
5144.982447
5150.157728
5154.136431
5159.872241
5188.656829
5195.759927
5200.641821
5244.311125
5253.063691
5256.039618
5317.249004
5321.389611
5332.716820
5346.213979
5354.187965
5383.118055
5395.387774
5398.179851
5406.199000
5440.891827
5478.617129
5512.717627
5519.428589
5530.535416
5536.683782
5562.106545
5570.149788
5596.418685
5616.330500
5630.995327
5634.754782
5653.925080
5673.263547
5674.894806
5692.526296
5706.452953
5726.791639
5728.832908
5744.143885
5792.664984
5796.265531
5803.791777
5836.170038
5846.410622
5866.977637
5882.608936
5886.804827
5893.042646
5899.177594
5933.353646
5949.922446
5985.768245
5988.152889
6034.611467
6042.840303
6065.369228
6067.385949
6078.724425
6101.378737
6103.547331
6112.707579
6128.737440
6140.945217
6143.102719
6157.073766
6168.599154
6190.376846
6193.528391
6194.261113
6247.238126
6253.313122
6261.290296
6261.972102
6280.942140
6296.023298
6322.182518
6344.396098
6353.228147
6387.289442
6397.333888
6420.451819
6432.741298
6442.323540
6446.370572
6482.178651
6483.170223
6508.891776
6532.740962
6542.167653
6544.876284
6556.764425
6591.134977
6593.882573
6611.147518
6624.731623
6634.560173
6637.511255
6645.887127
6646.608405
6670.905512
6681.426276
6704.839850
6708.410546
6715.068650
6726.125455
6781.309003
6800.896715
6801.952043
6814.235532
6849.928190
6862.901026
6894.070372
6902.249307
6907.622553
6916.856264
6928.354813
6942.913546
6951.849416
6978.302161
6987.863846
7000.552736
7012.937611
7015.167092
7022.943590
7028.659506
7034.156414
7041.255899
7057.144210
7062.234241
7070.194958
7089.928891
7098.467815
7110.700451
7117.581388
7168.434977
7173.903689
7182.279843
7189.783538
7219.372596
7246.026227
7268.886579
7277.187573
7277.820572
7327.888792
7357.670385
7369.847122
7382.993906
7404.037836
7418.656107
7445.527778
7458.101845
7481.820464
7504.860206
7526.504091
7534.012551
7544.435986
7547.898974
7580.145564
7583.814137
7599.956953
7616.399367
7641.949909
7642.233312
7671.368606
7676.134428
7712.181992
7723.348405
7736.377717
7759.159834
7771.472390
7790.565250
7829.969047
7863.381090
7879.912400
7906.091499
7912.713988
7925.048114
7940.252793
7958.563451
7983.412801
7984.208506
8014.946667
8023.615624
8036.486006
8078.676054
8091.570573
8097.557923
8105.612843
8140.833600
8149.071396
8167.699996
8194.727611
8197.155017
8236.393182
8237.264346
8244.128503
8246.396317
8249.981821
8271.280197
8274.956774
8279.485310
8287.662201
8322.105613
8334.130706
8339.725620
8358.684612
8377.384561
8392.493857
8418.175912
8435.674204
8453.980575
8460.808793
8466.857156
8487.217843
8498.276238
8501.809323
8548.067900
8552.332188
8558.808745
8619.161443
8622.354269
8638.156241
8650.730367
8686.380896
8698.998170
8708.461478
8742.638388
8762.794995
8787.431009
8809.291922
8813.276573
8819.227383
8831.476203
8848.959384
8850.718429
8853.893602
8865.839308
8894.216853
8922.290490
8926.923094
8949.576754
8965.835720
9002.865324
9012.836048
9015.831217
9022.556929
9049.856109
9083.250773
9095.943627
9105.036636
9108.010479
9162.627272
9181.304333
9185.240777
9193.945144
9228.036327
9251.505850
9276.806731
9285.045078
9292.286212
9313.104663
9359.193707
9363.293044
9375.345769
9409.370080
9415.399610
9418.102459
9455.563264
9463.306896
9478.969995
9508.129944
9539.955179
9551.856961
9552.571737
9558.964102
9575.384762
9585.689069
9612.566663
9632.870983
9642.821584
9658.794577
9685.051139
9722.689661
9724.139053
9738.127496
9749.238877
9758.445673
9773.204761
9785.108393
9818.194871
9829.599187
9830.027182
9874.068148
9883.466731
9909.128478
9912.911546
9921.685891
9947.530093
9956.931222
9965.860384
10015.526398
10019.442664
10036.253055
10095.730817
10101.713387
10107.239873
10120.400744
10142.019186
10175.386465
10191.510642
10199.490778
10217.028045
10219.757144
10252.409624
10266.588927
10270.189385
10277.455675
10289.336330
10297.270794
10298.907819
10312.391650
10322.879186
10335.451022
10350.734155
10373.674429
10377.574997
10410.019822
10412.056217
10425.596322
10455.173261
10467.894902
10482.257377
10494.779915
10502.268556
10558.696701
10562.845223
10578.861612
10636.433734
10647.693351
10649.468991
10653.321259
10677.731650
10680.186339
10681.296457
10681.824853
10710.362944
10736.934096
10753.223519
10797.268247
10804.309082
10814.249064
10827.436664
10836.008368
10862.734041
10863.744053
10890.596212
10921.282895
10932.920301
10960.631387
11002.310666
11012.232399
11017.381196
11047.662066
11055.192409
11070.839354
11101.673877
11109.955654
11112.007067
11114.972858
11127.042760
11150.686323
11160.571431
11197.008860
11201.671679
11209.894822
11237.669985
11241.920861
11244.128555
11250.823426
11265.310641
11269.901910
11299.714734
11307.616442
11308.337957
11362.290642
11372.535803
11375.781359
11387.953222
11422.581475
11431.846814
11445.984147
11478.844635
11516.806693
11527.795296
11553.297438
11556.395784
11569.318724
11587.354871
11604.719257
11618.965853
11629.272374
11630.165167
11661.249992
11682.697787
11731.291131
11738.982810
11740.037874
11744.105995
11753.817621
11776.739354
11789.055821
11814.444725
11832.370956
11845.747327
11893.907633
11902.991293
11924.497436
11937.948537
11973.078340
11981.331959
11989.357738
12007.637614
12029.527494
12042.740082
12087.018321
12090.142875
12107.105712
12120.181031
12142.012256
12156.332856
12171.758353
12205.346438
12206.789282
12213.862532
12247.039666
12277.231587
12281.961806
12287.596299
12292.453882
12302.986225
12304.483145
12338.585984
12358.378279
12374.478273
12395.504991
12429.567877
12448.669455
12450.143416
12454.991002
12458.659062
12462.519320
12475.214317
12478.055325
12488.145526
12514.852818
12523.807074
12529.664500
12560.311731
12564.782168
12580.398762
12616.488712
12629.145865
12658.613613
12673.059752
12680.597353
12683.291833
12708.493270
12721.652190
12753.325980
12765.892585
12774.851090
12782.619552
12835.673098
12842.696268
12845.485277
12858.397093
12893.547815
12926.599368
12928.305993
12950.946844
12955.478220
12990.817996
13026.043567
13030.537269
13034.240937
13043.971485
13079.272820
13086.627595
13137.560189
13141.668109
13148.568289
13171.630474
13180.572646
13215.285035
13218.020638
13219.028040
13230.693045
13234.989048
13266.742058
13299.692909
13305.616619
13313.702580
13325.238001
13388.484866
13392.152441
13406.218773
13415.057293
13418.023558
13449.432873
13453.105294
13493.664333
13496.011870
13508.911008
13546.331767
13585.339494
13598.466885
13608.746094
13616.426077
13633.028118
13654.523142
13679.460554
13689.068353
13708.933810
13760.285120
13768.370055
13778.859884
13782.578023
13811.091902
13815.739966
13818.324692
13834.227227
13849.927590
13865.531344
13874.214994
13876.463926
13910.254278
13910.705391
13955.667075
13957.123180
13966.734693
13970.433562
14006.348342
14009.139523
14016.896760
14063.453560
14072.639651
14085.456001
14123.793350
14142.468609
14143.656897
14155.010609
14178.571639
14188.148926
14223.586258
14242.653835
14248.048678
14312.624160
14318.284309
14331.499786
14332.968437
14338.416784
14338.762650
14339.448856
14367.108539
14372.307158
14413.626634
14416.927796
14424.394192
14431.801894
14470.851712
14497.753017
14504.521500
14516.871406
14534.689569
14546.824541
14549.741923
14585.102200
14602.075302
14607.333327
14639.463618
14673.867450
14687.009975
14688.299760
14710.459536
14724.068926
14761.866497
14777.186985
14782.600838
14796.349287
14804.033499
14839.579467
14863.419678
14876.215468
14883.188061
14899.217046
14910.665681
14936.494979
14952.275726
14965.691062
14999.359261
15014.740551
15019.121750
15041.828867
15054.475383
15056.672602
15071.741476
15089.048997
15110.956241
15146.239365
15153.229790
15154.745889
15162.818004
15180.541917
15223.570962
15237.227172
15247.646167
15267.729586
15272.632778
15273.394716
15305.781810
15330.633637
15348.398781
15366.035208
15372.285632
15380.648999
15384.963421
15401.067795
15410.996072
15424.793935
15460.218724
15464.079416
15492.576032
15516.683379
15517.965563
15530.780286
15531.946763
15536.108559
15586.118409
15597.154242
15608.017753
15618.846060
15640.029447
15656.815553
15693.672210
15708.088498
15734.305940
15741.719330
15768.439580
15769.859360
15781.825473
15816.281639
15816.567187
15843.069912
15870.777599
15873.627770
15873.697878
15939.186738
15953.053575
15959.674226
15966.323289
15997.287896
16001.512839
16013.447578
16051.722010
16060.996338
16088.955271
16097.927764
16124.564349
16141.265355
16151.655897
16183.138382
16190.355145
16213.470733
16215.264921
16236.868436
16250.090352
16294.148165
16311.385246
16319.113812
16324.098135
16346.237289
16359.788463
16406.636215
16417.226140
16440.540170
16475.529396
16480.061484
16497.499601
16510.180961
16534.566631
16544.105346
