31.595709
67.436016
126.673058
132.514579
186.957809
219.590314
220.347355
251.555858
263.453786
283.479306
331.772608
387.262629
439.320547
441.147450
499.822735
550.837187
604.351797
655.765332
668.699060
715.736643
717.653557
734.896072
748.570797
770.892864
809.765875
936.230660
937.129686
990.973243
1056.505677
1153.726433
1203.689624
1209.370699
1238.137546
1268.652528
1298.798799
1330.683281
1374.533851
1394.991320
1408.142627
1456.312080
1483.973099
1488.031261
1519.225023
1543.929316
1547.650707
1578.689560
1609.503765
1610.586904
1640.252772
1670.983771
1676.661180
1700.964462
1705.140801
1732.799559
1743.694902
1760.286960
1795.429663
1810.795228
1856.137883
1917.604456
1946.692414
1948.640270
1979.018336
2011.252371
2042.284560
2088.571333
2147.853725
2164.667188
2214.441679
2225.637697
2281.343334
2287.077530
2347.530089
2349.563581
2442.910770
2475.525544
2537.681224
2570.003293
2599.193951
2614.265956
2629.933699
2660.029731
2690.876796
2723.046560
2750.431416
2753.288325
2805.755169
2816.695978
2911.639726
2915.197076
2953.085669
2970.739443
3000.648905
3062.566602
3077.087722
3086.536105
3092.668547
3124.244795
3132.957301
3153.645808
3186.539732
3218.034777
3218.591190
3279.783990
3286.703892
3353.602363
3372.693039
3419.963051
3435.133174
3554.279000
3573.212959
3592.637647
3624.389866
3682.523744
3717.894695
3755.363393
3779.895138
3795.141454
3810.451884
3872.293532
3890.914306
3902.009652
3931.268446
3956.958104
3959.756093
3990.700075
4021.695166
4024.375699
4052.851354
4070.906905
4082.800059
4146.090239
4177.719670
4210.619652
4225.908508
4240.936748
4273.555502
4293.039752
4304.927132
4336.554036
4359.157621
4367.529462
4397.928755
4509.906676
4524.021746
4563.843385
4586.612335
4617.553069
4680.216238
4694.380343
4711.846125
4804.401476
4827.292589
4835.036097
4893.713936
4893.921138
5054.799362
5114.564624
5115.533604
5170.386725
5206.653982
5225.700615
5230.357059
5279.484944
5300.514230
5331.945097
5391.451651
5443.099222
5452.652600
5499.629363
5514.312455
5543.912354
5605.624284
5631.355196
5634.576555
5765.917370
5771.835848
5819.807869
5834.910788
5850.100550
5882.017698
5902.833592
5943.367460
5992.149609
6007.281514
6036.754745
6067.074371
6100.694885
6207.890593
6241.697911
6285.231244
6307.833628
6317.281684
6318.027633
6370.757228
6375.834108
6425.825555
6442.254357
6448.504552
6482.287294
6537.228692
6540.171030
6571.455309
6575.687064
6591.226149
6601.203928
6641.719029
6760.519816
6760.695134
6791.667848
6823.710767
6841.677086
6886.016555
6917.123347
6922.410921
6947.985830
6974.173629
6976.417762
7076.132664
7108.742208
7109.320026
7141.433752
7177.059072
7196.472856
7237.363674
7250.421038
7267.610150
7297.586902
7304.572350
7328.386506
7360.642014
7378.725878
7416.247953
7450.750456
7481.463846
7527.021500
7580.605237
7638.036472
7647.754989
7691.231926
7698.787780
7714.669821
7729.704212
7761.304977
7782.466235
7800.552211
7850.239200
7856.850670
7887.385317
7911.916810
7918.660518
7950.048688
7966.587354
7984.479670
8011.267365
8042.849699
8051.184432
8074.640594
8104.736142
8117.040563
8166.175365
8185.907769
8196.581726
8228.347344
8242.186603
8323.035961
8352.253957
8386.024400
8417.249700
8450.776558
8478.417567
8511.585626
8542.735980
8573.091686
8575.431942
8605.506387
8635.892764
8651.669204
8680.751160
8727.525541
8734.506687
8759.647501
8790.742737
8846.526535
8850.837429
8882.581949
8913.820324
8987.107707
9004.966886
9010.973906
9054.901128
9065.262770
9121.477256
9163.604559
9194.845863
9225.052821
9229.488885
9321.417323
9379.494319
9388.966717
9391.446505
9442.337570
9471.981797
9523.354214
9565.721462
9590.109165
9657.001842
9689.726786
9752.960542
9776.488415
9815.228132
9846.230558
9856.966728
9874.876962
9906.763340
9937.671040
9993.070968
10000.576899
10031.685249
10046.257677
10061.950997
10093.400310
10099.619635
10127.919948
10155.771415
10211.898828
10218.380415
10268.897242
10323.320253
10342.186633
10373.402407
10436.871206
10462.791484
10467.333512
10485.784455
10530.182702
10540.147332
10559.091979
10589.489176
10596.504505
10620.481259
10663.151806
10679.924085
10740.805751
10772.833431
10833.461371
10862.770282
10893.313748
10924.828580
11018.762898
11049.265031
11064.390474
11078.816832
11090.572157
11108.632273
11131.089861
11145.998207
11170.215752
11262.381841
11265.047857
11291.732705
11310.716598
11322.348205
11331.992847
11355.126901
11364.893343
11397.821464
11420.116207
11449.402061
11480.915645
11532.841201
11545.516480
11576.285613
11607.382966
11639.344235
11641.954906
11665.862283
11696.432065
11731.050458
11735.417634
11750.980396
11766.523572
11796.450074
11797.787245
11805.187404
11859.551285
11891.311479
11911.621600
11922.256954
11930.187824
11952.237429
11967.354483
11982.950545
11997.403694
12013.080374
12075.321632
12076.323797
12105.152068
12130.752564
12131.639069
12185.077870
12198.686400
12228.887910
12264.841398
12351.758784
12386.949337
12398.523664
12448.070932
12462.369296
12529.406992
12541.106034
12605.902687
12665.108755
12681.209420
12730.486819
12732.501156
12737.129779
12760.785006
12791.701583
12798.493910
12853.869614
12863.966997
12904.479146
12930.030493
12960.001425
12975.669434
12997.399818
13067.952739
13096.649214
13122.671042
13125.926074
13157.163833
13189.034361
13221.307834
13231.017722
13264.123249
13285.958473
13332.016859
13341.844905
13344.970358
13397.482726
13398.367095
13440.348286
13452.494209
13464.487609
13470.546495
13503.081620
13508.204440
13535.622939
13631.871165
13660.783877
13722.231251
13752.334018
13784.371213
13799.486691
13845.524996
13878.823378
13895.705338
13934.361349
13940.991034
13949.634327
13973.744606
14002.839154
14003.073337
14065.620416
14070.733145
14097.162436
14116.172308
14126.483639
14137.998270
14170.831830
14189.321232
14225.593458
14250.226201
14281.332902
14336.094269
14342.650521
14391.565260
14404.657700
14435.507217
14445.735466
14466.157088
14497.654907
14527.368278
14561.000576
14603.370347
14610.565610
14621.137898
14651.777435
14665.422073
14683.725709
14715.943058
14721.161513
14737.801811
14775.579952
14806.769788
14829.797297
14835.792421
14867.429749
14886.169181
14928.396256
14936.046743
14940.842452
15003.670626
15050.325807
15051.028223
15136.871115
15160.404836
15202.834653
15266.008671
15269.858039
15269.886458
15323.796344
15331.172596
15362.980843
15379.751909
15394.049703
15402.125930
15425.203783
15455.708575
15469.829250
15490.417701
15536.593401
15544.442226
15547.353884
15600.571840
15608.172941
15639.766291
15670.344688
15671.575829
15732.229597
15737.797716
15762.420952
15763.776443
15806.414110
15857.958485
15871.511931
15872.898903
15889.296095
15920.325426
15937.803184
15951.609008
16005.473704
16043.238962
16072.672703
16073.559673
16093.127139
16105.273918
16149.653964
16166.975947
16203.896214
16208.858955
16228.503604
16258.140158
16289.215129
16311.916413
16341.163493
16413.955446
16422.219083
16446.896853
16475.142188
16478.120974
16509.370185
16542.326014
16588.179141
16642.789788
16696.387994
16727.592842
16742.919257
16750.701393
16759.291071
16791.598545
16811.595577
16822.635706
16915.907785
16976.556226
17012.841638
17025.291834
17037.538977
17069.392167
17080.014392
17098.581885
17134.809086
17159.310789
17219.691746
17246.047808
17277.679370
17281.251018
17341.983234
17372.016711
17404.797554
17466.602094
17497.455838
17545.483870
17577.361957
17613.491382
17686.882602
17717.172086
17741.310051
17746.148941
17748.842241
17797.395443
17902.173816
17946.271241
17963.240904
17994.112825
18053.899029
18079.270346
18084.463836
18129.828928
18146.630529
18186.336381
18212.297773
18264.117444
18280.381232
18295.162938
18348.462762
18403.630148
18419.790867
18457.605939
18482.763578
18513.045844
18545.832955
18548.864271
18607.500018
18622.230894
18637.639470
18668.080281
18731.013030
18750.454216
18789.244906
18793.092301
18824.434527
18853.954514
18884.466952
18914.366509
18955.045320
18977.112452
19007.546037
19017.655589
19068.442473
19083.746450
19098.758213
19122.391333
19177.877621
19216.736741
19231.925742
19286.005418
19350.743277
19383.923151
19394.237319
19449.740978
19476.457994
19535.519227
19552.980060
19558.613544
19565.985409
19596.820612
19620.695575
19629.236105
19658.859717
19668.349921
19691.021940
19722.771359
19785.294129
19822.449778
19877.381160
19891.227220
19942.291048
19958.575522
19999.956774
20053.188441
20061.794778
20091.351085
20162.937031
20187.944231
20219.237904
20226.331119
20249.293016
20373.030095
20402.867769
20428.303332
20434.168052
20496.243992
20527.466226
20555.524140
20558.662562
20609.111611
20629.457784
20662.375022
20679.521552
20711.048627
20774.535085
20828.994838
20835.720991
20867.569305
20886.743190
20895.735636
20929.761699
20941.694586
20962.664141
21029.197178
21052.905520
21086.051665
21116.628038
21146.999181
21162.118801
21211.409155
21228.998056
21272.196887
21297.373224
21335.406150
21363.041490
21366.056175
21397.646095
21439.146204
21493.398653
21497.089260
21549.559391
21611.164835
21658.480644
21698.066430
21713.603699
21764.619567
21768.118916
21796.454139
21833.977491
21860.439209
21901.244099
21923.752361
21931.694836
21986.136906
21986.504330
22018.104087
22039.110536
22048.183205
22094.769350
22102.267779
22109.586422
22141.099448
22168.286483
22171.151413
22265.025189
22316.706064
22325.404861
22358.164453
22371.226109
22388.386687
22541.445793
22571.914088
22588.214398
22601.947881
22639.021708
22641.752183
22665.181475
22707.530561
22726.715240
22752.112623
22819.271119
22842.496639
22851.701023
22859.927478
22882.556681
22945.609514
22969.295614
22977.018711
23025.129373
23042.936126
23082.046688
23100.820141
23136.257739
23161.269291
23191.633144
23192.056764
23246.633435
23246.901616
23313.586720
23316.162509
23356.333389
23380.857489
23447.673192
23512.346019
23518.443884
23565.170744
23597.047574
23630.054700
23647.593492
23686.519563
23693.617779
23713.335243
23741.035300
23780.990418
23789.615087
23795.355482
23847.736588
23882.240507
23906.210823
23914.082931
23915.491152
23962.583696
23983.351923
24006.338044
24049.117886
24128.015799
24158.574905
24180.633581
24182.034502
24189.345641
24220.335819
24282.550390
24342.954332
24376.964010
24382.007708
24441.622710
24447.634701
24452.385411
24470.794683
24508.203299
24563.531970
24582.089121
24598.384365
24628.854832
24673.106637
24728.285375
24779.992551
24782.659698
24836.408134
24841.536229
24848.438647
24872.923476
24903.877760
24948.242048
24965.850137
24997.087711
25049.135083
25057.143026
25114.196792
25116.847801
25167.492959
25221.932562
25245.118770
25277.806110
25307.650588
25317.130845
25332.411544
25338.130428
25399.255756
25427.890515
25442.821141
25452.473663
25459.973641
25521.075034
25550.928846
25553.890816
25605.561920
25655.364436
25715.924842
25723.624405
25837.517613
25898.151910
25922.235056
25930.596316
25935.036923
25961.786190
25992.598193
26052.194864
26122.926453
26154.962731
26190.834099
26210.940740
26235.455887
26258.624211
26266.833769
26266.941204
26391.196315
26423.568279
26429.472521
26458.888528
26485.845753
26486.116026
26517.124243
26579.189062
26596.009286
26609.732291
26640.265342
26651.339209
26701.280230
26705.286600
26759.879898
26762.090046
26791.981203
26798.315042
26853.615085
26864.996725
26884.343477
26931.296556
26980.736735
27006.317850
27037.728895
27069.394106
27088.677038
27100.919864
27130.837448
27134.818957
27144.269002
27202.697814
27223.408726
27254.404622
27270.507903
27315.460785
27363.732110
27379.326356
27404.115520
27472.071124
27472.214081
27473.647283
27537.985793
27581.297106
27631.572223
27636.223623
27691.171736
27694.328400
27739.576095
27747.537924
27754.130036
27784.789304
27803.574465
27816.441700
27912.930660
27940.589071
27971.266544
28002.061511
28004.235795
28022.660883
28032.390454
28076.916674
28124.561248
28132.667326
28139.606264
28153.975439
28187.957784
28205.894962
28241.211806
28248.323611
28273.036362
28343.970705
28352.924339
28377.253598
28407.444589
28409.156865
28463.643256
28472.016393
28474.338459
28501.702704
28517.147532
28606.504369
28627.688190
28674.329558
28683.465940
28740.360092
28748.217568
28779.268088
28850.336881
28873.797387
28876.448556
28906.811756
28962.525170
28997.946469
29011.318887
29058.150355
29076.944128
29090.617004
29121.507027
29152.846345
29182.920571
29291.051938
29307.823540
29339.410063
29346.679411
29370.102144
29401.723443
29433.299489
29456.979299
29492.443164
29513.359433
29523.013132
29549.149187
29568.483599
29615.378512
29615.911468
29623.304529
29647.522412
29680.104813
29682.083644
29740.154577
29770.965179
29787.478324
29801.812156
29895.141875
29896.723207
