29.529193
31.141363
34.127100
40.424793
59.904944
68.575022
69.005706
82.347471
91.748241
104.289494
107.672763
123.197805
123.670087
140.358656
145.241667
154.752981
165.039148
176.585818
177.919738
186.778541
207.694607
215.595887
215.887052
218.658512
219.018960
232.532586
233.015202
249.557469
250.950029
252.967715
265.382154
283.651275
291.536450
292.371878
293.698954
317.232103
330.046668
335.021376
350.261975
360.572499
368.318224
377.934867
383.587251
389.189880
406.812404
417.299112
420.339239
444.787879
450.722661
462.782420
472.642226
474.638881
483.120383
484.338690
494.107711
505.415811
518.998885
521.897930
523.781639
548.112178
553.894145
560.962154
588.688927
590.467353
599.525624
599.648499
623.125220
624.374455
632.680629
638.044864
657.984743
671.717882
673.073734
675.021505
677.846129
693.028481
716.154061
717.890480
728.067353
745.284268
756.301413
759.727788
762.845974
795.420241
796.574869
797.670805
800.839190
832.993628
833.354432
833.731302
842.580883
867.552780
872.968365
884.166542
902.196202
911.147023
925.909938
935.712784
949.259306
966.614017
970.009030
986.729369
995.011052
1004.767795
1007.451153
1023.436923
1039.257200
1046.877176
1059.799456
1060.948462
1072.954157
1081.581233
1086.577310
1097.673022
1107.726884
1126.660917
1134.157131
1142.748480
1165.154699
1168.903693
1176.973490
1204.372420
1204.773430
1210.336023
1239.606452
1242.879785
1243.988467
1269.870388
1274.783138
1276.851746
1281.647380
1299.132766
1308.580646
1309.968974
1319.237487
1332.102490
1342.999119
1343.106990
1353.051042
1356.615863
1356.929720
1375.968353
1376.790859
1388.194355
1393.988894
1396.934955
1401.951198
1404.936643
1408.037895
1409.962166
1420.054001
1431.045845
1440.232194
1442.541470
1463.175066
1465.733181
1466.952091
1472.366313
1475.324375
1501.729278
1503.406135
1504.093976
1507.556029
1507.715931
1509.438038
1535.896124
1538.835361
1539.071610
1540.569987
1566.341658
1571.188891
1577.620723
1596.610303
1602.996285
1614.858434
1619.598104
1627.000525
1627.678780
1628.680237
1635.167406
1652.390473
1652.839606
1657.305711
1659.553942
1666.239841
1687.353237
1690.511824
1697.323579
1716.921797
1728.344362
1728.885699
1745.697699
1759.799613
1767.087068
1774.111069
1774.495735
1784.258175
1790.798481
1802.946751
1805.359261
1822.113399
1831.422326
1843.812190
1853.433460
1858.950717
1883.444786
1884.321549
1885.866507
1912.283118
1915.067738
1922.493057
1939.341959
1946.082668
1961.886676
1963.431140
1965.304223
1966.594765
1978.697307
1993.612488
2002.413227
2011.396293
2018.936238
2019.944319
2036.432634
2042.955876
2043.700869
2046.140020
2046.525284
2072.103232
2076.047733
2083.971030
2097.086671
2108.112419
2108.821573
2123.590260
2124.895449
2133.598521
2141.306784
2149.444897
2167.340133
2174.218412
2174.901416
2198.944683
2208.825710
2209.569676
2215.755272
2223.866532
2227.509759
2234.553817
2242.455649
2248.796090
2252.189617
2273.658121
2277.109141
2293.547373
2298.476608
2312.514738
2323.986234
2334.451522
2336.822679
2347.147051
2349.476899
2364.335524
2374.099942
2379.540749
2382.977403
2398.968845
2418.247853
2422.791721
2424.254294
2449.617613
2453.701733
2465.721643
2475.180409
2490.163610
2500.163033
2508.814482
2509.907649
2525.780962
2527.035643
2551.582289
2552.144209
2560.473074
2565.222387
2571.784293
2577.054018
2578.848121
2594.899034
2602.906223
2604.204673
2629.772640
2637.484170
2640.303140
2656.521858
2661.630117
2662.524685
2677.429903
2679.436693
2683.582004
2692.287451
2697.315161
2710.256981
2715.870355
2722.325202
2731.565545
2737.630751
2750.969464
2753.772896
2762.394914
2765.612522
2765.955801
2767.177155
2769.920125
2792.701333
2793.074969
2807.466500
2817.025217
2820.601328
2831.758137
2848.510168
2848.872179
2870.441046
2876.882599
2890.181310
2890.581447
2897.135671
2906.045458
2909.116821
2920.153236
2930.652028
2935.539794
2948.422413
2965.758336
2971.590756
2985.675557
2987.951213
2995.356433
2996.793925
2998.515132
3011.715538
3025.320966
3026.183080
3037.392148
3051.690411
3055.243384
3065.542133
3069.467885
3073.663723
3084.543964
3090.817138
3104.227915
3108.199092
3115.005161
3130.429462
3143.069411
3146.761082
3152.079814
3158.194385
3168.885107
3177.476781
3181.136318
3202.536333
3207.135356
3208.839609
3219.453895
3240.704321
3241.556461
3242.169978
3244.776753
3257.977361
3274.458576
3283.000631
3284.197671
3295.293353
3301.257348
3304.383200
3306.068394
3321.554128
3328.608671
3332.410052
3338.975418
3358.936789
3369.962566
3371.628923
3395.603229
3404.982299
3407.357931
3433.488644
3438.031387
3443.275304
3448.498721
3470.368081
3471.982332
3479.422053
3506.456894
3506.529750
3515.238912
3524.588423
3540.671197
3544.840067
3550.292031
3556.210094
3575.488571
3581.610995
3582.203937
3584.935817
3589.390407
3610.298696
3618.395146
3619.618739
3620.550765
3645.935521
3654.867762
3656.894316
3680.744967
3688.891724
3689.966887
3694.998979
3714.986208
3722.043171
3733.399154
3750.228480
3756.247693
3767.268527
3770.581509
3785.087633
3790.040658
3808.595757
3812.189513
3820.025839
3822.156344
3846.350609
3854.303204
3855.205461
3885.491604
3887.120343
3889.428122
3915.623759
3918.140061
3923.346519
3924.505375
3950.173357
3959.773330
3962.778558
3969.049794
3982.041653
3994.305351
4000.609042
4002.993269
4013.289576
4024.751340
4029.133622
4042.764006
4044.454357
4059.234803
4063.896414
4065.636723
4072.705362
4074.791390
4082.984541
4097.846689
4105.757043
4120.121213
4124.031528
4132.241022
4133.180061
4136.942941
4155.390354
4164.820348
4167.095013
4167.770784
4169.395058
4193.508638
4198.903672
4200.776816
4206.826303
4207.696099
4230.323957
4234.561869
4235.996386
4249.055468
4261.138536
4267.738143
4291.924827
4293.798164
4301.092458
4324.814672
4333.987075
4334.394669
4357.043109
4366.981439
4373.085897
4377.179938
4389.085791
4399.449927
4419.458305
4421.114447
4431.690801
4453.827609
4462.276927
4463.475198
4488.150102
4494.303039
4506.053771
4521.638490
4525.398550
4548.872700
4555.740530
4555.911298
4567.267579
4586.003657
4589.906684
4592.221662
4616.557512
4624.922753
4635.279999
4645.830342
4646.738851
4659.676674
4676.602703
4677.434279
4694.961288
4706.290481
4712.402200
4718.289270
4720.294925
4730.984550
4731.206097
4734.740823
4745.144784
4762.623946
4763.083988
4767.527430
4791.696767
4803.961693
4805.060604
4806.388993
4819.810027
4819.913578
4840.778287
4846.914168
4847.344697
4848.243677
4876.781408
4878.165698
4888.068078
4903.508873
4904.988372
4912.181938
4915.546093
4930.125303
4930.919461
4934.193977
4950.306027
4953.249527
4958.089619
4960.852819
4970.963087
4971.397362
4984.855354
4986.246574
4990.782888
4995.094705
5011.258221
5011.450666
5017.174054
5028.697922
5036.190729
5050.955636
5061.925082
5067.535218
5087.013090
5087.529953
5089.690104
5096.697095
5106.041835
5113.215423
5129.560713
5138.871733
5144.905805
5152.380404
5164.071697
5169.234255
5183.702425
5189.071418
5189.485026
5207.892417
5214.761028
5221.722174
5233.977000
5238.946190
5246.124864
5260.785204
5263.626764
5267.246780
5283.561135
5288.498924
5300.504154
5314.055820
5317.735969
5320.709697
5335.533560
5339.166548
5339.343694
5359.111860
5364.545190
5377.766731
5390.247342
5396.297053
5401.404042
5406.527793
5414.256077
5416.114626
5433.368719
5439.850025
5455.384430
5462.381577
5464.778538
5469.841587
5486.813894
5490.298064
5494.619705
5506.706328
5515.360532
5533.417384
5535.948055
5540.226302
5543.578124
5563.904832
5566.368132
5571.642276
5581.238214
5592.506343
5609.743189
5616.870620
5618.783422
5619.341489
5645.535150
5647.130244
5656.101145
5672.860662
5684.850974
5693.703964
5695.803976
5700.760477
5722.505733
5727.574072
5730.677025
5747.268683
5754.889479
5759.398285
5768.552720
5780.616250
5782.676210
5788.939692
5795.839337
5806.298294
5810.997342
5832.230339
5839.629579
5841.903200
5846.022365
5852.975195
5867.974051
5868.137735
5885.788443
5893.870102
5897.824445
5903.723853
5910.434394
5925.120399
5927.193211
5938.937752
5957.111622
5964.177040
5973.776674
5987.584011
5996.270006
6000.315730
6004.296594
6006.231179
6011.106012
6017.655616
6026.040075
6039.960101
6044.840415
6047.830378
6073.209714
6079.598281
6085.630876
6095.065187
6098.106848
6105.851467
6110.511173
6126.440989
6139.049614
6142.962192
6143.795000
6167.439229
6171.390809
6172.058431
6172.132604
6174.026568
6203.898356
6206.866382
6207.191407
6208.717438
6213.573450
6226.242341
6234.958373
6236.185163
6239.235727
6249.956300
6257.404834
6258.199738
6268.425929
6271.432972
6272.020547
6283.258340
6292.195517
6300.454241
6303.942224
6331.802444
6334.049492
6337.652430
6362.369551
6371.655484
6377.090552
6391.604429
6394.226235
6402.314586
6405.371460
6420.486162
6425.075045
6438.440514
6453.786286
6456.180958
6463.652580
6470.743715
6472.904951
6485.324896
6487.130225
6506.888122
6507.565607
6519.186148
6527.771744
6541.839683
6549.567986
6550.246354
6575.918751
6581.496042
6592.995757
6609.087020
6610.551175
6612.693949
6620.088880
6636.346849
6643.863207
6644.606116
6648.563613
6675.028506
6678.730082
6679.707764
6688.852663
6706.879416
6709.874703
6713.713749
6721.099971
6725.139226
6734.888813
6738.035687
6748.042703
6749.391223
6762.910607
6769.968859
6784.668169
6786.886903
6801.970349
6804.566460
6820.666880
6833.258799
6834.684424
6846.022294
6852.900550
6855.974708
6859.085272
6868.490321
6887.768071
6890.119699
6902.677448
6925.749713
6928.660978
6936.574926
6960.605445
6969.455183
6970.689623
6987.952515
6995.456737
6996.626287
7005.212288
7010.094053
7030.215871
7034.292753
7034.595582
7041.084003
7043.021902
7050.234887
7064.343342
7077.151262
7089.892558
7093.075478
7097.730599
7098.569801
7113.324987
7116.200380
7127.833747
7132.626521
7149.455674
7149.815488
7166.361170
7167.102134
7170.843852
7174.670131
7185.180401
7197.103353
7200.711574
7206.085328
7223.574783
7223.595414
7234.297857
7245.255934
7260.359383
7267.088607
7272.814462
7283.524789
7285.928532
7287.880677
7297.928619
7300.041729
7313.095798
7320.537434
7333.118739
7335.807356
7357.954920
7365.677204
7374.134616
7387.864135
7394.433937
7394.697283
7398.900683
7412.715582
7431.637035
7431.785868
7451.279879
7463.610012
7468.353014
7470.473143
7482.365074
7490.259120
7496.148893
7504.848366
7511.966661
7514.322729
7526.908245
7528.566025
7542.319426
7558.035656
7567.265536
7579.362260
7588.212916
7593.443337
7602.918537
7605.169949
7612.970545
7616.578559
7618.116947
7645.169219
7648.290435
7654.150998
7655.892639
7658.390450
7660.506257
7677.913075
7685.462024
7691.916763
7707.622316
7717.443191
7724.314177
7728.892510
7737.483718
7763.183596
7766.131100
7766.945600
7787.981430
7793.557987
7794.768089
7801.611102
7805.365677
7823.235261
7839.831379
7843.509229
7850.623978
7865.160000
7877.929272
7878.385753
7881.612667
7883.837924
7887.107947
7905.823093
7916.928179
7918.299084
7921.094616
7932.754474
7954.676718
7959.141682
7960.897557
7970.854686
7985.405995
7992.221773
7993.206416
8001.157210
8011.592079
8030.151325
8038.101736
8041.602491
8063.143882
8067.313704
8082.691751
8085.452415
8089.155091
8103.278743
8115.596025
8123.773938
8138.980499
8140.902250
8165.055991
8166.463955
8174.738367
8191.821886
8206.620316
8210.123705
8216.354155
8240.722467
8244.443947
8248.534133
8252.751758
8262.851452
8265.621285
8266.189130
8279.231860
8286.173407
8291.192393
8291.579323
8291.786462
8314.383330
8315.665104
8326.739844
8334.173366
8340.274483
8344.900417
8347.813051
8365.553416
8375.995437
8381.263862
8386.235692
8390.540611
8414.415471
8415.588051
8418.856620
8440.697452
8446.716107
8461.901800
8463.762141
8465.527517
8479.004447
8491.718526
8504.449655
8511.603919
8517.670974
8543.342219
8543.516143
8548.121750
8569.188223
8575.762694
8590.903962
8595.294081
8607.431806
8622.237303
8634.498742
8638.772173
8648.620600
8670.487321
8676.205390
8676.541677
8677.347662
8701.695498
8703.242430
8715.497230
8719.729963
8730.199975
