29.529193
34.127100
40.424793
59.904944
69.005706
82.347471
91.748241
104.289494
112.734491
123.197805
123.670087
127.523366
140.358656
145.738871
154.752981
165.039148
176.417493
177.919738
178.087445
186.778541
195.921355
207.694607
215.887052
218.658512
223.767353
249.557469
250.950029
252.967715
263.457214
271.192263
283.651275
291.536450
292.371878
317.232103
330.046668
335.021376
350.261975
368.318224
369.096364
377.133262
377.934867
383.587251
387.495563
406.812404
417.299112
420.339239
421.054204
443.630483
444.787879
450.722661
462.782420
483.120383
484.338690
505.415811
518.998885
521.897930
548.112178
553.894145
560.962154
581.324971
588.688927
590.467353
599.648499
619.458119
623.125220
628.163479
632.142685
632.680629
635.175788
638.044864
657.984743
675.021505
677.846129
693.028481
699.058848
716.154061
717.890480
728.067353
756.301413
759.727788
762.845974
792.717951
795.420241
797.670805
800.839190
814.110041
833.354432
833.731302
842.580883
867.552780
872.968365
884.166542
902.196202
911.147023
925.909938
933.361654
935.712784
949.259306
966.614017
968.273541
970.009030
986.729369
1004.767795
1007.451153
1023.436923
1039.257200
1041.023334
1046.877176
1057.418278
1060.948462
1072.954157
1086.577310
1097.673022
1107.726884
1126.660917
1134.157131
1142.748480
1144.291552
1156.397241
1165.154699
1168.903693
1176.973490
1183.656024
1204.372420
1204.773430
1210.336023
1210.342604
1231.998025
1239.606452
1242.879785
1243.988467
1249.860572
1274.783138
1276.851746
1277.692572
1281.647380
1283.487269
1308.580646
1309.968974
1319.237487
1338.431384
1342.999119
1343.106990
1356.929720
1375.968353
1376.790859
1393.988894
1408.037895
1409.962166
1422.558432
1431.045845
1440.232194
1440.904153
1442.541470
1447.594971
1466.952091
1472.366313
1475.324375
1492.723147
1493.109307
1503.406135
1504.093976
1507.715931
1535.896124
1539.071610
1540.569987
1566.341658
1571.188891
1577.620723
1578.605147
1591.474153
1596.610303
1602.996285
1614.817090
1614.858434
1627.000525
1635.167406
1652.839606
1657.305711
1659.765334
1666.239841
1687.353237
1690.511824
1697.323579
1716.921797
1728.344362
1728.885699
1745.697699
1759.799613
1767.087068
1773.020186
1774.495735
1790.798481
1802.946751
1805.359261
1805.418673
1822.113399
1831.422326
1843.812190
1853.433460
1858.950717
1883.444786
1884.321549
1885.866507
1887.024065
1908.791728
1912.283118
1915.067738
1922.493057
1939.341959
1946.082668
1961.886676
1966.594765
1978.697307
1987.125145
1993.612488
2002.413227
2011.396293
2019.944319
2038.324508
2042.955876
2043.700869
2046.140020
2051.473599
2051.657245
2072.103232
2076.047733
2079.701241
2083.971030
2097.086671
2108.821573
2123.590260
2124.895449
2141.306784
2149.444897
2159.730947
2167.340133
2174.218412
2174.901416
2186.495884
2198.944683
2208.825710
2209.569676
2223.866532
2226.918087
2242.455649
2248.796090
2252.189617
2252.756830
2260.922138
2273.658121
2277.109141
2283.255476
2289.142061
2293.547373
2298.476608
2312.514738
2323.986234
2335.006300
2336.822679
2347.147051
2349.476899
2350.376949
2374.099942
2379.540749
2382.977403
2398.968845
2418.247853
2422.791721
2424.254294
2449.617613
2453.701733
2458.328768
2465.721643
2475.180409
2490.163610
2500.163033
2508.814482
2525.780962
2527.035643
2551.582289
2552.144209
2565.222387
2577.054018
2594.899034
2602.906223
2604.204673
2609.669475
2629.772640
2637.484170
2640.303140
2656.521858
2677.429903
2679.436693
2683.582004
2710.256981
2715.870355
2722.325202
2737.630751
2753.772896
2765.612522
2765.955801
2790.085053
2792.701333
2793.074969
2801.709758
2807.466500
2820.601328
2831.758137
2834.535943
2848.510168
2848.872179
2863.433529
2870.441046
2875.259402
2876.882599
2890.181310
2906.045458
2909.116821
2922.830119
2930.652028
2935.539794
2948.422413
2965.758336
2971.590756
2987.951213
2995.356433
3011.715538
3025.320966
3026.183080
3046.691248
3051.690411
3055.243384
3065.542133
3084.543964
3090.817138
3104.227915
3115.005161
3130.429462
3141.917653
3143.069411
3146.761082
3168.885107
3177.476781
3181.136318
3207.135356
3208.839609
3219.453895
3241.556461
3244.776753
3257.977361
3274.458576
3280.645452
3283.000631
3286.084857
3295.293353
3306.068394
3321.554128
3324.952044
3332.410052
3335.282791
3338.975418
3347.923899
3352.889394
3358.936789
3358.947915
3369.962566
3371.628923
3376.145650
3378.591946
3385.719185
3395.603229
3404.982299
3407.357931
3433.488644
3438.031387
3443.275304
3470.368081
3471.982332
3479.422053
3485.448431
3506.456894
3506.529750
3515.238912
3527.928650
3540.671197
3544.840067
3550.292031
3573.167729
3575.488571
3582.203937
3584.711497
3584.935817
3610.298696
3619.618739
3620.550765
3623.142256
3628.752342
3630.987988
3635.301406
3645.935521
3654.867762
3656.894316
3680.744967
3688.891724
3694.998979
3706.465612
3714.986208
3722.043171
3727.637978
3733.399154
3737.060133
3747.516440
3750.228480
3753.322326
3756.247693
3770.581509
3785.087633
3790.040658
3808.595757
3820.025839
3822.156344
3846.350609
3854.303204
3855.205461
3885.491604
3887.120343
3889.428122
3899.950335
3918.140061
3923.346519
3924.505375
3950.173357
3959.773330
3962.778558
3971.838797
3979.552219
3982.041653
3988.512970
3994.305351
4000.737053
4002.993269
4006.279616
4013.289576
4029.133622
4042.764006
4044.454357
4063.896414
4074.791390
4079.084518
4082.984541
4097.846689
4105.757043
4124.031528
4132.241022
4136.942941
4138.208370
4154.992388
4164.820348
4167.095013
4167.770784
4198.903672
4200.776816
4206.826303
4230.323957
4234.561869
4249.055468
4261.138536
4267.738143
4277.596901
4291.924827
4293.798164
4301.092458
4324.814672
4333.987075
4334.394669
4347.590447
4357.043109
4366.981439
4377.179938
4384.166535
4389.085791
4392.199515
4399.449927
4401.938896
4419.458305
4421.114447
4431.690801
4453.827609
4462.276927
4463.475198
4488.150102
4494.303039
4506.053771
4521.638490
4525.398550
4548.872700
4555.740530
4555.911298
4561.366201
4561.654765
4575.687024
4586.003657
4589.906684
4592.221662
4616.557512
4624.922753
4635.279999
4646.738851
4659.676674
4676.602703
4677.434279
4694.961288
4706.290481
4720.294925
4730.984550
4734.338478
4734.740823
4762.623946
4763.083988
4763.741672
4767.527430
4791.696767
4801.355638
4803.961693
4805.060604
4819.913578
4840.778287
4846.914168
4848.243677
4873.104855
4876.781408
4878.165698
4878.834394
4888.068078
4904.988372
4915.546093
4930.125303
4930.919461
4953.249527
4958.089619
4970.963087
4984.855354
4990.782888
4996.814514
4998.659020
5011.258221
5011.450666
5028.697922
5036.190729
5038.433708
5042.334431
5050.955636
5061.925082
5067.535218
5079.694749
5087.529953
5089.690104
5106.041835
5112.865051
5113.215423
5129.560713
5138.871733
5144.905805
5164.071697
5169.234255
5175.779062
5183.702425
5185.030946
5189.259192
5189.485026
5196.207381
5205.049800
5207.892417
5214.761028
5221.722174
5227.458991
5238.946190
5246.124864
5260.785204
5263.626764
5265.707482
5283.561135
5288.498924
5300.504154
5314.055820
5320.709697
5339.166548
5339.343694
5359.111860
5364.545190
5377.766731
5390.247342
5396.297053
5414.256077
5416.114626
5433.368719
5439.850025
5455.384430
5464.778538
5469.841587
5490.298064
5494.619705
5506.706328
5515.360532
5533.417384
5540.226302
5543.578124
5566.368132
5571.642276
5581.238214
5592.506343
5609.743189
5618.783422
5619.341489
5645.535150
5647.130244
5656.101145
5672.860662
5682.714607
5684.850974
5693.703964
5696.764403
5700.430631
5700.760477
5709.023223
5722.505733
5727.574072
5730.677025
5754.889479
5759.398285
5768.552720
5782.676210
5788.384206
5795.839337
5798.514453
5806.298294
5808.511517
5810.997342
5832.230339
5839.629579
5846.022365
5867.974051
5868.137735
5885.788443
5896.210884
5897.824445
5903.723853
5904.487441
5925.120399
5927.193211
5934.973106
5938.937752
5957.111622
5964.177040
5966.501101
5973.776674
5978.671833
5987.584011
6004.296594
6006.231179
6017.655616
6025.423324
6038.382732
6039.960101
6041.416294
6044.840415
6047.830378
6073.209714
6079.598281
6085.630876
6105.851467
6110.511173
6126.440989
6139.049614
6142.962192
6167.439229
6171.390809
6174.026568
6175.752816
6180.660596
6203.898356
6207.191407
6208.717438
6236.185163
6239.235727
6249.956300
6268.425929
6270.587094
6272.020547
6292.195517
6297.491893
6300.454241
6303.942224
6331.802444
6334.049492
6337.652430
6348.800325
6362.369551
6371.655484
6377.090552
6394.226235
6405.371460
6420.486162
6425.075045
6436.057328
6438.440514
6456.180958
6463.652580
6472.904951
6487.130225
6506.888122
6507.565607
6519.186148
6541.839683
6549.567986
6550.246354
6563.577012
6575.918751
6581.496042
6592.995757
6596.265434
6598.797104
6610.551175
6612.693949
6636.346849
6643.863207
6644.606116
6647.197706
6649.444293
6655.374589
6661.159709
6675.028506
6678.730082
6679.707764
6706.879416
6713.713749
6721.099971
6731.963255
6738.035687
6749.391223
6762.910607
6769.968859
6784.668169
6790.539475
6801.970349
6804.566460
6820.666880
6834.684424
6846.022294
6855.974708
6868.490321
6887.768071
6890.119699
6902.677448
6925.749713
6928.660978
6936.574926
6939.950065
6960.605445
6969.455183
6970.689623
6995.456737
7005.212288
7010.094053
7030.215871
7041.084003
7050.234887
7062.432898
7064.343342
7077.151262
7078.909677
7089.892558
7098.569801
7113.324987
7127.833747
7131.224150
7132.626521
7149.815488
7166.361170
7167.102134
7185.180401
7199.344181
7200.711574
7206.085328
7223.595414
7234.297857
7245.255934
7252.537896
7258.906284
7260.359383
7267.088607
7283.524789
7297.928619
7300.041729
7320.537434
7325.904806
7333.118739
7335.807356
7357.954920
7365.677204
7374.134616
7394.697283
7398.900683
7412.715582
7431.637035
7431.785868
7451.279879
7452.119276
7463.610012
7468.353014
7475.179822
7490.259120
7496.148893
7504.848366
7526.908245
7528.566025
7542.319426
7558.035656
7567.265536
7571.862237
7579.362260
7588.212916
7605.169949
7616.578559
7618.116947
7620.475798
7645.169219
7648.290435
7654.150998
7677.913075
7685.462024
7691.916763
7707.622316
7724.314177
7728.892510
7737.483718
7763.183596
7766.131100
7766.945600
7771.378946
7794.768089
7801.611102
7805.365677
7823.235261
7839.831379
7843.509229
7850.623978
7877.929272
7878.385753
7881.612667
7885.601358
7905.823093
7916.928179
7921.094616
7930.959352
7932.754474
7951.311810
7954.676718
7959.141682
7960.897557
7985.405995
7993.206416
8001.157210
8011.592079
8030.151325
8038.101736
8041.602491
8063.143882
8067.313704
8082.691751
8088.779184
8089.155091
8103.278743
8115.596025
8118.996471
8121.946699
8123.773938
8124.912071
8138.980499
8140.902250
8160.269332
8165.055991
8166.463955
8174.738367
8191.821886
8206.620316
8209.011613
8210.123705
8216.354155
8240.722467
8244.443947
8248.534133
8266.189130
8276.684171
8279.231860
8291.192393
8291.579323
8314.383330
8315.665104
8334.173366
8335.735454
8340.274483
8347.813051
8365.553416
8366.322916
8368.620461
8371.548359
8375.995437
8381.263862
8390.540611
8414.415471
8415.588051
8418.856620
8440.697452
8446.716107
8461.901800
8465.527517
8479.004447
8491.718526
8504.449655
8511.603919
8517.670974
8529.827107
8543.342219
8543.516143
8548.121750
8569.188223
8575.762694
8590.903962
8595.294081
8607.431806
8622.237303
8628.951375
8634.498742
8638.772173
8648.620600
8670.487321
8676.205390
8677.347662
8693.568433
8701.695498
8703.242430
8719.729963
8730.199975
8733.525367
8757.891561
8761.482380
8763.979332
8785.755815
8795.932436
8803.349923
8813.576704
8826.776684
8830.735375
8834.117163
8841.950549
8845.508327
8857.801396
8870.672037
8874.663039
8887.626791
8889.103130
8898.751745
8920.391884
8927.548663
8928.988403
8952.199636
8957.259073
8957.699008
8961.987398
8970.259115
8983.666406
8988.401683
9010.895824
9016.496567
9017.975181
9048.513981
9049.412468
9051.302094
9080.250765
9082.293079
9088.696672
9090.952215
9110.988435
9115.191742
9130.980896
9142.385100
9147.183552
9156.523440
9169.552942
9174.302756
9178.613199
9179.749720
9205.442975
9206.193721
9208.722767
9212.578944
9213.018151
9213.919571
