29.529193
34.127100
40.424793
59.904944
69.005706
76.089037
82.347471
91.748241
96.341421
104.289494
123.197805
123.670087
128.286705
140.358656
154.752981
165.039148
177.919738
181.027674
181.239219
186.778541
199.813974
207.694607
215.887052
218.658512
249.557469
250.950029
252.967715
256.878276
272.102475
280.359029
283.651275
285.814940
291.536450
292.371878
317.232103
330.046668
335.021376
346.701683
350.261975
359.112756
368.318224
377.934867
383.587251
406.812404
417.299112
420.339239
421.123584
444.787879
450.722661
457.695709
462.782420
467.544143
483.120383
484.338690
505.415811
513.369777
518.998885
521.897930
522.371770
544.223135
548.112178
553.894145
560.962154
569.268350
588.688927
590.467353
599.648499
612.342407
612.692960
621.901645
623.125220
632.680629
638.044864
657.984743
675.021505
677.846129
679.383960
688.425676
693.028481
702.493778
703.479188
716.154061
717.890480
724.056879
728.067353
732.686847
736.040758
750.304981
756.301413
759.727788
762.845974
787.296995
795.125913
795.420241
797.670805
800.839190
833.354432
833.731302
834.499375
834.961158
842.580883
867.552780
869.957931
872.968365
884.166542
902.196202
911.147023
925.909938
935.712784
949.259306
953.054243
966.614017
970.009030
973.529528
974.271062
974.850043
986.729369
987.016632
1004.767795
1007.451153
1023.436923
1025.562827
1039.257200
1046.877176
1051.184939
1060.948462
1072.954157
1086.577310
1088.015229
1097.673022
1107.726884
1118.495736
1126.660917
1134.157131
1139.528778
1142.748480
1165.154699
1168.903693
1173.523200
1176.973490
1184.325169
1190.070513
1204.372420
1204.773430
1210.336023
1239.606452
1242.879785
1243.988467
1251.365026
1252.948916
1253.707019
1274.783138
1276.851746
1281.647380
1283.718550
1308.580646
1309.968974
1319.237487
1331.088751
1342.999119
1343.106990
1349.022547
1356.929720
1361.622577
1364.067428
1367.286020
1375.968353
1376.790859
1393.988894
1408.037895
1409.572670
1409.962166
1414.952231
1431.045845
1440.232194
1442.541470
1466.952091
1472.366313
1475.324375
1491.647105
1503.406135
1504.093976
1507.715931
1533.044157
1535.896124
1539.071610
1540.569987
1546.625661
1566.341658
1571.188891
1577.620723
1589.542944
1596.610303
1602.996285
1614.858434
1625.749247
1627.000525
1635.167406
1638.280211
1652.839606
1657.305711
1660.213889
1666.239841
1687.353237
1690.511824
1693.232807
1697.323579
1716.432391
1716.921797
1728.344362
1728.885699
1745.697699
1759.799613
1767.087068
1768.227240
1774.495735
1790.798481
1802.946751
1805.359261
1810.560127
1819.899025
1822.113399
1831.422326
1833.260105
1841.032145
1843.812190
1852.541284
1853.433460
1858.950717
1873.419812
1883.444786
1884.321549
1885.866507
1905.836701
1912.283118
1913.111988
1915.067738
1920.169412
1922.493057
1939.341959
1946.082668
1949.703512
1956.592716
1958.193536
1961.886676
1966.594765
1975.031888
1978.697307
1989.514525
1993.612488
1996.151423
2002.413227
2011.396293
2019.944319
2042.955876
2043.700869
2046.140020
2072.103232
2076.047733
2083.971030
2091.332340
2097.086671
2108.821573
2123.590260
2124.895449
2141.306784
2149.444897
2151.302445
2167.340133
2168.837946
2174.218412
2174.901416
2198.944683
2208.825710
2209.569676
2223.866532
2229.176548
2235.152823
2242.455649
2246.180209
2248.796090
2251.440459
2252.189617
2263.641420
2273.658121
2277.109141
2293.547373
2298.476608
2312.514738
2323.986234
2336.822679
2347.147051
2349.476899
2361.849995
2365.349894
2374.099942
2379.540749
2381.621323
2382.977403
2398.968845
2407.605346
2418.247853
2422.791721
2424.254294
2443.904624
2449.617613
2452.589368
2453.409896
2453.701733
2465.721643
2475.180409
2481.873342
2484.872276
2490.163610
2498.433979
2500.163033
2508.814482
2508.996200
2525.780962
2527.035643
2551.582289
2552.144209
2559.113249
2563.792972
2565.222387
2568.835079
2577.054018
2594.899034
2602.906223
2604.204673
2629.772640
2637.484170
2640.303140
2656.521858
2677.429903
2679.436693
2683.582004
2710.256981
2715.870355
2722.325202
2734.078366
2737.630751
2739.443009
2748.995954
2753.772896
2760.443425
2761.389064
2765.612522
2765.955801
2788.311177
2789.025383
2792.701333
2793.074969
2807.466500
2820.601328
2831.758137
2848.510168
2848.872179
2870.441046
2876.882599
2890.181310
2906.045458
2909.116821
2930.652028
2935.539794
2940.080688
2948.422413
2965.758336
2971.590756
2987.951213
2995.356433
2997.295099
3011.715538
3025.320966
3026.183080
3043.404609
3051.690411
3055.243384
3065.542133
3084.543964
3090.817138
3104.227915
3115.005161
3130.429462
3143.069411
3146.637857
3146.761082
3168.885107
3177.476781
3181.136318
3206.671026
3207.135356
3208.839609
3219.453895
3228.159457
3236.139655
3241.556461
3244.776753
3257.977361
3274.458576
3283.000631
3287.050995
3295.293353
3306.068394
3307.801167
3321.554128
3332.410052
3338.975418
3344.185963
3358.936789
3369.962566
3371.628923
3392.934034
3395.603229
3404.982299
3407.357931
3416.681592
3433.488644
3437.795568
3438.031387
3443.275304
3448.205327
3450.085268
3452.910560
3470.368081
3471.293443
3471.982332
3479.422053
3506.456894
3506.529750
3515.238912
3520.231868
3525.231526
3540.671197
3544.840067
3550.292031
3575.488571
3576.948952
3580.118682
3582.203937
3584.935817
3588.821610
3610.298696
3610.573082
3619.618739
3620.550765
3627.109980
3645.935521
3654.867762
3656.894316
3680.744967
3688.891724
3694.998979
3714.986208
3720.073734
3722.043171
3727.868197
3730.797938
3733.399154
3738.331087
3750.228480
3756.247693
3770.581509
3785.087633
3787.347070
3790.040658
3805.868187
3808.595757
3820.025839
3822.156344
3822.900519
3846.350609
3848.792104
3854.303204
3855.205461
3858.865103
3879.974853
3885.491604
3887.120343
3889.428122
3906.540952
3918.140061
3922.638713
3923.346519
3924.505375
3950.173357
3959.773330
3962.778558
3974.665873
3974.744091
3982.041653
3994.305351
4001.458973
4001.953629
4002.993269
4013.289576
4021.048601
4029.078254
4029.133622
4042.764006
4044.454357
4061.119951
4063.896414
4074.791390
4082.984541
4097.846689
4105.757043
4124.031528
4132.241022
4136.942941
4146.974576
4164.820348
4167.095013
4167.770784
4176.237600
4198.903672
4200.776816
4206.826303
4207.768082
4225.815946
4230.323957
4234.561869
4249.055468
4251.157842
4261.138536
4267.738143
4267.973260
4272.423195
4291.924827
4293.798164
4294.933323
4295.952499
4301.092458
4305.233918
4316.282260
4321.552409
4324.814672
4333.987075
4334.394669
4336.265510
4347.542948
4357.043109
4366.981439
4377.179938
4389.085791
4393.623864
4399.449927
4419.458305
4421.114447
4431.690801
4453.827609
4462.276927
4463.475198
4465.130394
4488.150102
4494.303039
4506.053771
4521.638490
4525.398550
4548.872700
4555.740530
4555.911298
4586.003657
4589.906684
4592.221662
4616.557512
4624.922753
4628.989083
4629.490119
4635.279999
4646.738851
4659.676674
4672.076818
4676.602703
4677.434279
4678.665908
4687.855462
4689.216742
4694.961288
4699.505869
4706.290481
4710.800044
4720.294925
4724.024927
4730.984550
4734.740823
4741.611251
4760.213549
4760.779658
4762.623946
4763.083988
4767.527430
4788.350437
4791.696767
4803.961693
4805.060604
4805.312960
4819.913578
4831.459829
4840.778287
4846.914168
4848.243677
4876.781408
4878.165698
4888.068078
4893.619288
4904.988372
4915.546093
4923.438625
4930.125303
4930.919461
4953.249527
4958.089619
4967.210345
4970.963087
4984.855354
4990.782888
4999.328192
5011.258221
5011.450666
5016.129561
5028.697922
5036.190729
5050.955636
5061.925082
5067.535218
5087.529953
5089.690104
5106.041835
5113.215423
5129.560713
5138.871733
5144.905805
5164.071697
5164.263078
5169.234255
5183.702425
5189.485026
5198.284992
5207.892417
5214.761028
5221.722174
5222.214157
5238.946190
5246.124864
5260.785204
5263.159981
5263.626764
5283.561135
5288.498924
5300.504154
5314.055820
5315.009210
5320.709697
5330.015744
5332.991357
5339.166548
5339.343694
5359.111860
5364.545190
5377.766731
5390.247342
5396.297053
5398.842023
5401.507956
5408.071703
5414.256077
5416.114626
5423.880895
5430.459073
5433.368719
5434.590304
5439.850025
5455.384430
5456.493909
5458.242416
5464.778538
5469.841587
5490.298064
5494.619705
5506.706328
5513.611792
5515.360532
5533.417384
5538.577792
5540.226302
5543.578124
5566.368132
5571.642276
5581.238214
5592.506343
5609.743189
5613.435693
5618.783422
5619.341489
5626.160475
5645.535150
5647.130244
5656.101145
5672.860662
5684.850974
5693.703964
5700.760477
5722.505733
5727.574072
5730.677025
5753.883015
5754.889479
5759.398285
5768.552720
5768.855180
5782.676210
5795.839337
5806.298294
5810.997342
5832.230339
5834.891989
5835.076701
5839.629579
5846.022365
5867.968586
5867.974051
5868.137735
5885.788443
5897.824445
5903.723853
5925.120399
5927.193211
5930.729436
5938.937752
5947.644000
5949.288525
5957.111622
5964.177040
5973.776674
5984.937711
5987.584011
5995.742239
6004.296594
6006.231179
6014.102553
6017.655616
6034.575103
6039.960101
6044.840415
6047.830378
6065.539233
6073.209714
6079.598281
6079.971269
6085.630876
6105.851467
6108.502482
6110.511173
6116.487819
6126.440989
6134.226197
6139.049614
6141.653904
6142.962192
6167.439229
6171.390809
6172.240199
6174.026568
6177.706710
6197.890106
6203.898356
6207.191407
6208.717438
6236.185163
6239.235727
6249.956300
6263.789039
6268.425929
6272.020547
6292.195517
6298.359599
6300.454241
6303.942224
6310.210998
6329.003158
6331.802444
6334.049492
6335.739633
6337.652430
6362.369551
6371.655484
6377.090552
6394.226235
6405.371460
6420.486162
6425.075045
6433.037290
6438.440514
6456.180958
6463.652580
6472.904951
6487.130225
6498.783720
6506.888122
6507.565607
6519.186148
6527.886771
6530.576369
6541.100592
6541.839683
6545.963840
6549.567986
6550.246354
6575.918751
6581.496042
6592.995757
6610.551175
6612.693949
6636.346849
6643.863207
6644.606116
6649.451266
6675.028506
6678.730082
6679.707764
6706.879416
6713.713749
6721.099971
6738.035687
6741.904468
6749.391223
6762.910607
6763.487508
6769.968859
6781.219304
6784.668169
6786.694501
6801.970349
6804.566460
6820.666880
6834.684424
6846.022294
6853.570379
6855.974708
6868.490321
6887.768071
6889.053798
6890.119699
6902.677448
6921.012634
6925.749713
6928.660978
6936.574926
6960.605445
6962.500735
6969.455183
6970.689623
6976.317036
6995.456737
7005.212288
7010.094053
7011.863872
7030.215871
7030.830014
7041.084003
7050.234887
7064.343342
7067.237850
7077.151262
7082.103625
7089.892558
7098.569801
7113.324987
7127.833747
7132.626521
7141.147856
7149.815488
7153.026899
7166.361170
7167.102134
7173.671308
7175.222643
7185.180401
7190.745285
7200.711574
7206.085328
7223.595414
7234.297857
7245.255934
7249.313217
7260.359383
7267.088607
7283.524789
7297.928619
7298.322908
7300.041729
7320.434313
7320.537434
7333.118739
7335.807356
7357.954920
7365.677204
7374.134616
7393.641616
7394.697283
7396.113940
7398.900683
7405.680367
7412.715582
7431.637035
7431.785868
7432.218577
7436.048005
7451.279879
7463.610012
7468.353014
7490.259120
7496.148893
7504.848366
7516.791533
7526.908245
7528.566025
7542.319426
7547.942564
7548.201146
7558.035656
7564.511949
7567.265536
7579.362260
7588.212916
7605.169949
7610.609419
7615.359778
7616.578559
7618.116947
7640.387705
7645.169219
7648.290435
7654.150998
7663.989765
7667.827838
7672.538505
7674.133818
7677.913075
7685.462024
7691.916763
7694.493684
7695.018801
7707.622316
7723.355334
7724.314177
7728.892510
7737.483718
7738.811019
7744.245553
7748.328779
7763.183596
7766.131100
7766.945600
7768.237437
7777.448657
7794.768089
7801.611102
7805.365677
7823.235261
7839.831379
7843.509229
7850.623978
7877.929272
7878.385753
7881.612667
7904.398437
7905.823093
7914.597411
7916.928179
7921.094616
7932.754474
7954.676718
7955.696242
7959.141682
7960.169274
7960.897557
7964.458979
7985.405995
7988.336256
7993.206416
8001.157210
8011.592079
8016.100857
8028.911054
8030.151325
8038.101736
8041.602491
8063.143882
8067.313704
8082.691751
8089.155091
8103.278743
8104.006638
8115.596025
8123.630185
8123.773938
8138.980499
8140.902250
