31.595709
54.588886
62.124360
67.436016
94.489758
110.148955
126.673058
156.800891
165.124232
186.957809
198.621760
220.347355
331.112008
331.772608
347.211675
378.844660
387.262629
408.718201
465.114607
470.789698
496.275975
499.822735
530.070061
532.294650
550.837187
562.341538
592.847740
601.258610
655.765332
668.699060
717.653557
734.896072
748.570797
780.064990
801.213606
809.765875
840.135850
868.642603
870.539020
880.780036
937.129686
962.356465
993.554104
1024.362279
1045.666715
1056.505677
1070.227477
1086.946549
1098.835625
1117.483353
1135.674053
1147.372015
1177.512661
1203.689624
1207.092630
1264.119756
1268.652528
1298.798799
1319.138005
1330.683281
1339.525156
1362.258393
1374.533851
1394.991320
1456.312080
1483.973099
1488.031261
1519.225023
1543.929316
1547.650707
1578.689560
1594.803339
1609.503765
1610.586904
1640.252772
1670.983771
1676.661180
1705.140801
1732.799559
1743.694902
1764.161944
1810.795228
1826.239810
1856.137883
1871.869889
1877.565803
1887.097725
1917.604456
1948.640270
1979.018336
1979.924433
2012.995986
2034.710616
2088.571333
2102.966483
2142.407904
2164.667188
2194.026412
2196.407702
2225.637697
2251.647045
2255.870831
2287.077530
2306.733890
2317.047052
2347.530089
2361.540207
2381.766444
2411.428946
2417.318663
2471.416218
2475.525544
2481.771825
2526.407461
2537.681224
2570.003293
2581.893132
2614.265956
2629.933699
2638.020904
2681.352598
2690.876796
2694.341712
2723.046560
2750.431416
2753.288325
2784.959960
2805.755169
2816.695978
2817.223541
2859.859154
2882.172894
2885.168780
2911.639726
2915.197076
2941.382999
2968.969719
2970.739443
3000.648905
3019.624812
3022.041927
3030.483909
3062.566602
3077.087722
3086.536105
3092.668547
3124.244795
3153.645808
3155.726896
3186.539732
3188.377327
3218.034777
3218.591190
3248.510925
3286.703892
3297.306818
3311.184815
3342.083911
3352.773271
3353.602363
3372.693039
3404.480849
3409.671264
3435.133174
3465.929423
3488.164776
3496.915812
3529.067864
3573.212959
3621.625273
3624.389866
3654.012040
3682.523744
3686.602344
3689.160747
3717.894695
3738.490963
3748.180424
3755.363393
3795.141454
3810.451884
3822.601333
3841.589386
3872.293532
3890.914306
3902.009652
3903.503038
3956.958104
3990.700075
4014.254392
4021.695166
4024.375699
4052.851354
4070.906905
4082.800059
4091.363999
4125.874461
4158.869004
4180.883653
4225.908508
4234.999982
4240.936748
4273.555502
4289.590014
4293.039752
4336.554036
4343.535166
4359.157621
4398.282836
4425.467991
4490.482645
4491.861316
4524.021746
4555.297758
4557.945604
4563.843385
4586.612335
4617.553069
4627.293591
4649.281599
4673.876899
4711.846125
4728.291489
4761.369966
4773.966851
4783.181043
4804.401476
4835.036097
4838.930892
4866.782537
4893.921138
4896.393602
4959.018466
4991.856086
5003.329874
5023.511102
5054.799362
5084.569731
5114.564624
5115.533604
5145.526553
5161.987190
5170.386725
5175.682856
5206.653982
5225.700615
5230.357059
5236.724229
5268.626514
5279.484944
5297.734443
5331.945097
5334.564290
5363.032228
5365.566059
5388.181087
5391.451651
5422.778834
5432.306380
5443.099222
5452.652600
5499.234013
5555.226075
5565.059953
5575.131836
5605.624284
5608.941077
5631.355196
5634.576555
5666.741372
5696.871741
5699.447074
5727.779175
5757.680044
5765.917370
5771.835848
5789.812071
5819.807869
5834.910788
5850.100550
5882.017698
5883.382436
5902.833592
5913.033508
5937.803685
5943.367460
5969.303920
5975.815960
6007.281514
6036.511607
6036.754745
6067.074371
6100.694885
6105.874579
6129.255217
6154.726788
6173.900827
6191.527947
6207.890593
6223.850936
6241.697911
6256.169339
6307.833628
6317.281684
6318.027633
6351.977605
6375.834108
6384.284284
6417.417065
6442.254357
6448.504552
6479.454285
6482.287294
6508.391472
6540.171030
6571.455309
6575.687064
6591.226149
6601.203928
6633.518082
6648.279328
6665.426108
6697.074147
6705.008789
6728.788995
6760.695134
6774.971160
6823.710767
6867.859345
6886.016555
6908.141719
6917.123347
6922.410921
6976.417762
7012.760730
7030.921142
7041.132873
7076.132664
7109.320026
7141.433752
7142.103450
7174.119210
7177.059072
7196.472856
7205.452341
7237.363674
7244.825025
7250.421038
7267.610150
7297.586902
7304.572350
7312.726798
7328.386506
7360.642014
7378.725878
7390.802258
7416.247953
7419.886946
7446.394442
7450.750456
7471.926197
7481.463846
7513.446882
7514.746730
7578.076111
7580.605237
7609.309214
7638.036472
7639.361787
7647.754989
7668.251560
7691.231926
7698.787780
7761.304977
7782.466235
7794.451625
7825.459230
7850.239200
7856.850670
7887.385317
7918.660518
7966.587354
7984.479670
8011.267365
8021.738716
8042.849699
8051.184432
8074.640594
8117.040563
8130.993253
8134.660486
8228.347344
8242.186603
8251.777483
8259.785157
8291.162617
8297.239829
8320.083323
8354.450716
8385.429033
8386.024400
8407.162756
8417.249700
8450.776558
8478.417567
8517.250949
8542.735980
8573.091686
8575.431942
8584.290735
8605.506387
8627.508633
8635.892764
8667.032744
8680.751160
8696.958922
8717.997019
8727.525541
8734.506687
8759.647501
8785.331942
8790.245629
8790.742737
8821.038632
8882.581949
8902.044114
8913.820324
8956.905714
8987.107707
9004.966886
9036.243294
9054.901128
9065.262770
9100.092332
9121.477256
9163.604559
9176.097243
9188.067102
9229.488885
9254.529587
9282.811181
9286.999313
9316.833526
9321.417323
9336.290494
9348.492933
9379.494319
9388.966717
9391.446505
9410.461851
9442.337570
9446.147926
9457.441834
9471.981797
9501.243674
9501.825071
9523.354214
9556.485499
9565.721462
9590.109165
9597.134084
9612.395192
9657.001842
9659.352378
9667.933891
9689.726786
9721.496541
9721.919084
9752.960542
9776.488415
9783.922279
9791.193399
9815.228132
9830.147032
9846.230558
9856.966728
9874.876962
9906.763340
9923.196833
9937.671040
9937.678837
9969.673320
9990.819192
9993.070968
10000.576899
10031.685249
10046.257677
10099.619635
10124.717210
10155.771415
10187.061504
10194.143417
10211.898828
10218.380415
10268.897242
10281.944438
10323.320253
10328.254467
10373.402407
10394.274814
10406.431760
10432.024525
10436.871206
10499.767185
10529.365564
10530.182702
10559.091979
10589.489176
10595.899399
10620.481259
10649.808297
10650.215269
10703.480936
10710.125473
10760.209976
10772.833431
10802.543177
10815.902290
10861.179705
10862.770282
10893.313748
10924.828580
10926.218752
10928.469601
10956.911372
10980.199527
10988.161347
11018.762898
11033.977281
11049.265031
11064.390474
11078.816832
11090.572157
11131.089861
11138.502478
11145.998207
11170.215752
11198.451834
11200.548336
11200.748689
11230.133625
11255.646582
11262.381841
11310.716598
11322.348205
11331.992847
11355.126901
11364.893343
11386.828297
11397.821464
11418.097760
11475.640222
11480.915645
11545.516480
11586.735193
11600.299694
11639.344235
11641.954906
11671.058223
11696.432065
11766.523572
11796.450074
11805.187404
11858.552723
11863.611540
11891.311479
11911.621600
11922.256954
11930.187824
11967.354483
11982.950545
11997.403694
12013.080374
12021.494172
12043.665251
12064.828712
12076.323797
12105.152068
12130.752564
12131.639069
12167.534210
12185.077870
12198.058878
12228.887910
12240.841054
12264.841398
12325.592844
12331.436390
12356.335487
12407.332980
12417.373648
12448.070932
12462.369296
12529.406992
12541.106034
12571.435902
12573.204079
12598.182369
12636.669295
12665.108755
12668.039752
12681.209420
12698.570360
12730.486819
12737.129779
12760.785006
12792.705843
12798.493910
12823.222420
12848.475845
12853.869614
12904.479146
12944.966169
12960.001425
13005.563996
13013.847242
13035.214583
13064.038801
13066.036947
13067.952739
13096.649214
13125.926074
13128.787663
13157.163833
13176.613390
13189.034361
13196.693691
13231.017722
13264.123249
13281.690838
13285.958473
13314.035315
13332.016859
13341.844905
13344.970358
13408.396372
13452.494209
13470.546495
13503.081620
13508.204440
13532.039302
13535.622939
13563.623899
13568.183041
13598.343262
13599.885588
13616.822841
13631.871165
13660.783877
13665.366648
13673.815177
13693.160983
13728.059014
13732.361007
13752.334018
13784.371213
13799.486691
13813.677468
13839.809133
13845.524996
13867.174922
13878.823378
13895.705338
13909.200831
13940.991034
13949.634327
13973.744606
14002.839154
14003.073337
14004.120924
14036.266651
14060.116104
14065.620416
14097.162436
14116.172308
14126.483639
14137.998270
14189.321232
14204.485205
14220.507644
14225.593458
14250.226201
14279.777379
14281.332902
14311.585840
14336.094269
14338.918893
14342.650521
14373.802798
14391.565260
14404.657700
14404.944163
14435.507217
14445.735466
14466.157088
14470.672741
14527.368278
14536.686449
14555.183161
14561.000576
14590.398242
14603.370347
14610.565610
14621.137898
14651.777435
14670.504566
14683.725709
14721.161513
14737.801811
14745.417424
14774.620053
14775.579952
14804.798122
14829.797297
14835.792421
14867.429749
14870.192349
14886.169181
14898.092366
14928.396256
14936.046743
14940.842452
14958.664839
14988.192143
14994.952018
15019.767145
15051.028223
15080.901408
15111.337685
15141.769947
15160.404836
15172.066280
15201.753647
15202.834653
15215.227527
15233.769254
15266.008671
15269.858039
15269.886458
15298.115754
15323.796344
15362.980843
15379.751909
15394.049703
15402.125930
15425.203783
15436.176068
15455.708575
15469.829250
15486.365678
15490.417701
15517.515949
15600.571840
15603.244895
15608.172941
15639.766291
15655.682104
15671.575829
15702.532498
15737.797716
15762.420952
15795.742526
15806.414110
15816.416104
15857.958485
15871.511931
15872.898903
15889.296095
15920.325426
15982.152065
15983.139884
16012.869279
16038.562192
16043.238962
16072.672703
16073.559673
16093.127139
16136.456655
16140.786037
16149.653964
16166.975947
16197.671271
16203.896214
16208.858955
16228.503604
16258.140158
16274.611962
16289.215129
16320.471061
16341.163493
16349.538489
16366.518005
16380.902684
16409.433195
16413.955446
16446.896853
16475.142188
16477.861893
16478.120974
16509.370185
16532.855607
16542.326014
16572.616823
16604.601028
16609.163979
16636.979186
16727.592842
16742.919257
16750.701393
16759.291071
16791.598545
16805.676262
16811.595577
16860.299403
16878.810466
16883.517362
16915.103745
16944.814795
16945.210966
16970.112044
16976.556226
17006.749110
17012.841638
17025.291834
17069.392167
17078.280641
17080.014392
17130.435694
17134.809086
17144.572064
17159.310789
17190.431675
17210.990071
17219.691746
17251.089487
17277.679370
17301.738517
17312.383931
17341.983234
17344.811450
17355.677166
17372.016711
17410.603955
17410.936130
17436.932223
17464.006124
17497.455838
17528.215150
17559.623759
17577.361957
17589.914936
17613.491382
17622.498316
17632.982929
17680.168266
17686.021844
17686.882602
17717.172086
17741.310051
17746.148941
17748.842241
17778.659992
17797.395443
17810.277517
17812.219060
17841.602257
17852.060691
17873.819557
17879.297445
17902.173816
17932.808632
17962.736182
17963.240904
17994.112825
18012.308099
18023.764780
18053.899029
18084.463836
18113.744089
18129.828928
18146.630529
18172.797255
18186.336381
18212.297773
18234.135227
18264.117444
18280.381232
18295.162938
18295.894900
18388.564143
18414.696005
18419.790867
18450.420134
18481.520178
18482.763578
18512.635004
18513.045844
18545.832955
18548.864271
18567.300261
18577.701020
18607.500018
18622.230894
18637.639470
18676.751628
18699.412797
18731.013030
18733.203731
18750.454216
18762.469300
18789.244906
18815.759813
18824.434527
18853.954514
18883.834794
18884.466952
18914.366509
18945.953977
18955.045320
18977.112452
19007.546037
19010.456169
19017.655589
19039.419742
19068.442473
19083.746450
19098.758213
19122.391333
19130.863486
19177.877621
19195.178324
19216.736741
19226.403583
19231.925742
19283.443310
19284.588413
19286.005418
19318.356066
19340.491016
19350.743277
19351.722840
19383.923151
19394.237319
19443.934602
19449.740978
19486.359051
19503.525463
19535.519227
19552.980060
19558.613544
19565.985409
19596.820612
19614.159050
19620.695575
19629.236105
19658.859717
19668.349921
19691.021940
19722.778023
19753.823042
19755.064156
19776.833738
19785.294129
19814.793131
19832.946323
19877.381160
19887.485227
19907.745173
19942.291048
19958.575522
19970.420830
19997.634138
19999.956774
20031.127360
20053.188441
20061.794778
20093.037045
20108.393728
20124.426606
20157.779424
20158.882074
20162.937031
20219.237904
20220.349617
20226.331119
20249.293016
20275.946803
20294.624611
20331.414394
20343.022996
20361.979198
20373.030095
20388.772253
20402.867769
20428.303332
20434.168052
20465.642657
20527.466226
20555.524140
20558.662562
