55.529511
59.397613
77.570775
101.687939
111.543570
118.391921
154.400870
210.216146
310.363997
312.001107
319.465238
343.361577
372.725166
500.951623
541.125465
554.281558
567.537452
630.305557
635.045869
650.520437
652.458183
676.301028
678.564151
734.074047
767.597921
774.413575
888.190634
914.311377
926.519878
949.452103
969.280912
982.276834
1008.888902
1031.655829
1036.465673
1037.768149
1093.171160
1113.196365
1170.700676
1188.692357
1214.546531
1215.228139
1257.372797
1264.795629
1276.693104
1324.052226
1359.719475
1425.673028
1459.345796
1480.722348
1534.492614
1535.520916
1577.702008
1587.668971
1633.400285
1676.627856
1686.732824
1733.612180
1789.501973
1792.688757
1823.242170
1851.745737
1857.435507
1858.122854
1935.215034
1997.717353
2003.046323
2052.888478
2059.128441
2069.597379
2115.765206
2215.071082
2227.584990
2251.502088
2275.331312
2316.516448
2327.940037
2335.533893
2351.483866
2359.659936
2383.120976
2402.569924
2427.872791
2444.566308
2480.365045
2504.706823
2566.404472
2609.302440
2678.681687
2681.926819
2685.689052
2756.469345
2762.092410
2789.659907
2822.901294
2843.684648
2857.504903
2902.558750
2912.380070
2967.940458
3001.650400
3096.060231
3154.875361
3298.903814
3306.868587
3341.316624
3383.539663
3389.257318
3464.553990
3503.603749
3550.400118
3611.804416
3616.684756
3691.928691
3720.027571
3760.332960
3814.518650
3842.051892
3873.497639
3896.706182
3949.814073
3951.976855
3972.059899
4030.768685
4090.332436
4149.370267
4167.933799
4183.536974
4221.817050
4227.360859
4293.352062
4378.604920
4379.054237
4381.789800
4404.660077
4425.318387
4479.991479
4480.863229
4526.878528
4533.279486
4596.457125
4651.009069
4752.726048
4776.125203
4809.827599
4855.390278
4902.485731
4963.056452
5009.390066
5017.445514
5076.166937
5110.923235
5135.418910
5212.015998
5213.657503
5235.006937
5243.129936
5258.001407
5275.205959
5285.216880
5322.405401
5370.335281
5425.590865
5480.915951
5528.004623
5528.354632
5530.388753
5583.253469
5587.119194
5637.857871
5654.515133
5663.169984
5732.278929
5743.565437
5765.896339
5787.038359
5834.505332
5865.439052
5944.960072
5950.781498
5987.075650
6005.792452
6044.025657
6100.424547
6121.861145
6135.834339
6182.667679
6212.065574
6238.002734
6270.341532
6313.047912
6346.728957
6369.266610
6462.628524
6487.687751
6498.199234
6521.212576
6529.813054
6570.486147
6620.202946
6639.357173
6654.128136
6692.629626
6698.187695
6747.448947
6773.062209
6797.408136
6840.868716
6855.794537
6855.951135
6897.392428
6903.446809
6950.380267
6953.452574
6996.732868
7004.959770
7006.033594
7065.859350
7082.531275
7259.868511
7269.107127
7279.727327
7295.165252
7338.516511
7401.455993
7405.623333
7438.368021
7448.845596
7493.225946
7515.998677
7550.555899
7554.332866
7555.382224
7661.990161
7672.583545
7717.546153
7719.426944
7774.620007
7824.558280
7829.388246
7872.471988
7890.234238
7899.991661
7945.215101
7983.404749
7999.041630
8110.399466
8152.277624
8185.528831
8199.764318
8207.964818
8254.785613
8272.760848
8282.963497
8305.785563
8356.125570
8382.033879
8428.193558
8450.987935
8471.818690
8508.875093
8509.972869
8533.184015
8608.954141
8644.323369
8678.474919
8684.471289
8715.817479
8766.751904
8800.362667
8826.467409
8843.657756
8877.138232
8932.742324
8967.010390
9020.267669
9043.541513
9056.631100
9080.604400
9127.045831
9143.012250
9161.382307
9198.783002
9243.488624
9266.583540
9289.881773
9290.427318
9321.111449
9344.087543
9388.138460
9390.522819
9425.602374
9471.696498
9493.441162
9494.348942
9553.819187
9554.270405
9554.958480
9615.642375
9620.457672
9726.703801
9742.225613
9776.268617
9820.202577
9823.041862
9836.277051
9845.938539
9853.888302
9896.458750
9922.170882
9965.060379
9997.985898
9998.277925
10074.275616
10097.191531
10165.388269
10172.854479
10195.350937
10208.535051
10219.011713
10242.197373
10283.458780
10294.395900
10331.427986
10353.550184
10392.070860
10446.415694
10489.612570
10507.653550
10525.180105
10592.605716
10607.596319
10747.169191
10792.058697
10800.187077
10845.717495
10856.040765
10901.884129
10962.790070
10968.252276
10997.659924
11035.075552
11057.448708
11090.998358
11157.478458
11215.720329
11238.659070
11238.937574
11258.918222
11261.474976
11300.490358
11328.943969
11393.753942
11451.725260
11453.845848
11474.977284
11480.075079
11514.461268
11515.420626
11533.491318
11555.859737
11609.530126
11614.964039
11637.269516
11656.775308
11679.401121
11717.633516
11778.720688
11782.194464
11803.150558
11833.894106
11981.712018
11988.884557
12009.178417
12049.994989
12091.587365
12091.720695
12104.935991
12150.636549
12208.837286
12212.193916
12214.696160
12232.291750
12266.522288
12314.724496
12326.756874
12337.869091
12360.411325
12361.237173
12416.186334
12442.409141
12465.552631
12483.589808
12510.935677
12533.962193
12593.110872
12604.298461
12627.169613
12638.534225
12639.603779
12686.450297
12715.134999
12744.688785
12759.229217
12844.881667
12844.925598
12855.364787
12868.546124
12910.420184
12944.640558
12968.179188
12971.467039
13026.674509
13044.547364
13135.588123
13179.791871
13255.344055
13313.212428
13351.048221
13353.572835
13384.497794
13452.371530
13517.072392
13524.552710
13560.399254
13610.119968
13619.341206
13650.402314
13666.603346
13685.538324
13709.111582
13717.519014
13759.552163
13788.947270
13868.072108
13948.720219
13982.820049
14000.342624
14004.248445
14038.417285
14061.035663
14063.307910
14105.733440
14108.261596
14148.298488
14215.481833
14246.671090
14277.856641
14302.597614
14324.848060
14337.074533
14487.767430
14493.783485
14515.592291
14535.575515
14560.091208
14596.567904
14643.847194
14650.266147
14696.758488
14751.153601
14755.547023
14784.652090
14845.698637
14893.600851
14936.001125
14961.327979
15021.850500
15035.561933
15063.985950
15069.368535
15082.289085
15112.640911
15143.565456
15204.040887
15227.326717
15244.102763
15291.018902
15363.325918
15379.450441
15393.746880
15402.033119
15486.879000
15509.747621
15577.451204
15613.399688
15617.393272
15621.241668
15664.556569
15726.230519
15741.988515
15810.094298
15841.425058
15887.128921
15899.185464
15902.143642
15956.230568
15977.399962
16011.280215
16012.007933
16021.207667
16066.940918
16097.793236
16127.921357
16134.064556
16156.409368
16167.935506
16188.724203
16245.300110
16255.602150
16278.368138
16296.250100
16312.720421
16413.617807
16417.980710
16447.905091
16465.886090
16514.283391
16532.489703
16583.617153
16591.220009
16613.671310
16639.965369
16650.456102
16668.460358
16723.413512
16726.759007
16739.861158
16770.595479
16773.133640
16804.079610
16827.612527
16851.483503
16879.157355
16893.591105
16903.232892
16979.577724
16995.611361
17029.840204
17048.782679
17056.119711
17109.201586
17114.347592
17137.842039
17170.293962
17171.882375
17216.349513
17255.457959
17278.906093
17297.592669
17331.684266
17364.342780
17381.811559
17407.048024
17420.570630
17477.053326
17488.863465
17548.097519
17600.381745
17663.154054
17683.089626
17754.416926
17764.300188
17788.412852
17825.016885
17941.132574
17988.122080
18033.798089
18043.322683
18091.061788
18146.719475
18192.703279
18253.631201
18253.851513
18276.135268
18281.238578
18335.778339
18349.444221
18363.270703
18395.000361
18416.782194
18470.934752
18541.056986
18589.424360
18642.561809
18648.554289
18703.633912
18706.260477
18707.947229
18765.414865
18783.367859
18806.495915
18819.514283
18829.296166
18882.550723
18912.968316
18980.922399
18985.864616
19076.654832
19084.634429
19103.494872
19179.191121
19195.574060
19230.278870
19254.919541
19265.117870
19292.166112
19353.103310
19365.319255
19405.633244
19414.450751
19469.562681
19473.809270
19481.511367
19525.191432
19541.746229
19563.998132
19608.799606
19735.097244
19759.105231
19775.876008
19790.502156
19818.749304
19881.630518
19907.382128
19928.713516
19941.438153
20028.310314
20059.970447
20164.983435
20212.280644
20248.768339
20273.161588
20275.963635
20315.573897
20333.996856
20350.968185
20382.560665
20387.785411
20442.850715
20450.368065
20450.378471
20472.816161
20483.859333
20517.770706
20585.413954
20669.878609
20675.650722
20717.874054
20746.020509
20783.356021
20803.425357
20830.945279
20885.388848
20903.118678
20939.008669
21020.309259
21025.554292
21040.569214
21091.525560
21101.233927
21146.758844
21155.106394
21289.417630
21311.914054
21338.865970
21372.380608
21398.072522
21411.398856
21415.553234
21452.535406
21472.037357
21487.389890
21506.105817
21507.683014
21568.043855
21573.676762
21605.074687
21630.525413
21697.372220
21739.031212
21764.577849
21798.292376
21838.403338
21839.355714
21909.585285
22044.175616
22047.563198
22049.561820
22071.925404
22094.637476
22100.213594
22141.038735
22223.380391
22309.053155
22322.043251
22357.581344
22411.563450
22489.829255
22504.477838
22527.130049
22528.004212
22558.827375
22608.778520
22631.890016
22637.379632
22683.169177
22707.930736
22729.879706
22766.981914
22789.715606
22842.225037
22865.643031
22889.132514
22891.540140
22961.318737
22965.425049
22968.871908
22988.143140
23140.855585
23179.482125
23216.656840
23219.222230
23277.836257
23372.683566
23390.030641
23455.891273
23466.500466
23531.872389
23559.713955
23608.264485
23613.832906
23614.439280
23708.190909
23712.826669
23745.811331
23777.145819
23824.009656
23832.702502
23866.257849
23875.925825
23885.211395
23925.111273
23939.751112
23952.500800
24020.033945
24055.210182
24132.412219
24136.161387
24218.771255
24285.666901
24311.050216
24318.655591
24328.375363
24358.190910
24374.494038
24395.950145
24403.923848
24463.060463
24527.692558
24548.951329
24572.252446
24610.109284
24632.212561
24658.107408
24686.154298
24691.971474
24758.327586
24814.815618
24823.814961
24848.061186
24895.497599
24900.163941
24915.439480
25040.198718
25070.216109
25098.544117
25121.337412
25124.599339
25141.764982
25171.902060
25264.820786
25274.233280
25333.734082
25335.253001
25342.612921
25443.008701
25507.326546
25527.530216
25541.232275
25552.636490
25602.803944
25617.476024
25661.048841
25729.626031
25763.349578
25763.433306
25797.268266
25797.614968
25820.505938
25870.884407
25955.367827
26001.764406
26027.130034
26077.896360
26100.745361
26111.272925
26167.054851
26176.588411
26236.487279
26253.712235
26290.957954
26295.325821
26352.125057
26371.548609
26393.814097
26395.903533
26452.541790
26453.520817
26542.528135
26571.464237
26609.548535
26617.491038
26664.625058
26700.007173
26711.683215
26756.834503
26804.002403
26825.978259
26862.984812
26880.568326
26922.568165
27044.449060
27091.659663
27120.541558
27174.363174
27213.796645
27308.932556
27322.576095
27345.346179
27384.618077
27435.142554
27446.064396
27478.603626
27493.456594
27509.213612
27513.088671
27540.645864
27608.759328
27647.473521
27661.620873
27668.449528
27723.269920
27833.221200
27847.051268
27888.271393
27934.091421
27953.967259
27980.477230
27981.786627
28028.633597
28030.206496
28047.490388
28053.479141
28124.140729
28129.359385
28151.120095
28151.389550
28180.750822
28212.045262
28270.762307
28313.689870
28314.710506
28368.576762
28391.597474
28415.345289
28429.751041
28450.570190
28510.221571
28568.222316
28600.482857
28614.839532
28627.073371
28662.233661
28702.334621
28717.491056
28724.254561
28761.001305
28818.821023
28833.456284
28894.330849
28895.338723
28918.402705
29003.048332
29036.853536
29059.351021
29070.796088
29131.947981
29135.261846
29156.691105
29178.597703
29223.123597
29225.952948
29264.922458
29287.616285
29328.678321
29388.811201
29396.338268
29418.116020
29451.532648
29463.730648
29486.091888
29489.904655
29545.458594
29571.977138
29645.167030
29659.372871
29673.449187
29802.598684
29815.999938
29871.513572
29877.894262
29897.492133
29899.953823
29915.254837
29944.728128
29957.885555
29999.791756
30016.813194
30039.831457
30046.619560
30101.551043
30193.304142
30221.041513
30256.650118
30297.279523
30303.422232
30319.872823
30359.670473
30401.606524
30404.330978
30415.623204
30458.996021
30546.226695
30570.852646
30572.486949
30614.694594
30648.825926
30680.327842
30704.963233
30722.213432
30741.264266
30802.629530
30821.548356
30863.457725
30881.139803
30906.646906
30913.307835
30974.106595
30974.115137
31040.616663
31083.123201
31117.480359
31192.708613
31194.552191
31247.172081
31270.337697
31313.074205
31315.517138
31376.115044
31379.677540
31406.766786
31465.430881
31524.779355
31531.741541
31572.414631
31574.923016
31629.548119
31674.089835
31689.126559
31720.478295
31735.130382
31763.467412
31780.948827
31828.530851
31862.625549
31884.262370
31897.812870
31920.086210
32019.095030
32037.714165
32061.093209
32077.055955
32085.204440
32127.749706
32145.919839
32194.964224
32206.737552
32228.723947
32253.398225
