34.127100
40.424793
69.005706
82.347471
91.748241
104.289494
123.197805
123.670087
140.358656
165.039148
186.778541
207.694607
218.658512
249.557469
283.651275
291.536450
292.371878
317.232103
350.261975
368.318224
377.934867
383.587251
417.299112
444.787879
450.722661
462.782420
505.415811
521.897930
553.894145
560.962154
623.125220
638.044864
675.021505
677.846129
728.067353
756.301413
762.845974
800.839190
842.580883
867.552780
884.166542
911.147023
925.909938
949.259306
970.009030
986.729369
1004.767795
1046.877176
1060.948462
1097.673022
1107.726884
1134.157131
1165.154699
1168.903693
1176.973490
1204.372420
1210.336023
1239.606452
1242.879785
1274.783138
1276.851746
1308.580646
1309.968974
1319.237487
1342.999119
1375.968353
1408.037895
1409.962166
1472.366313
1475.324375
1503.406135
1504.093976
1507.715931
1535.896124
1540.569987
1566.341658
1571.188891
1577.620723
1596.610303
1614.858434
1627.000525
1635.167406
1652.839606
1666.239841
1687.353237
1697.323579
1716.921797
1728.344362
1728.885699
1759.799613
1767.087068
1774.495735
1790.798481
1802.946751
1822.113399
1831.422326
1843.812190
1858.950717
1883.444786
1884.321549
1912.283118
1922.493057
1939.341959
1946.082668
1961.886676
1966.594765
1993.612488
2002.413227
2011.396293
2019.944319
2042.955876
2043.700869
2046.140020
2072.103232
2108.821573
2149.444897
2167.340133
2174.218412
2174.901416
2198.944683
2208.825710
2209.569676
2223.866532
2242.455649
2252.189617
2273.658121
2277.109141
2293.547373
2312.514738
2323.986234
2336.822679
2349.476899
2382.977403
2398.968845
2422.791721
2424.254294
2449.617613
2465.721643
2475.180409
2490.163610
2508.814482
2525.780962
2527.035643
2552.144209
2565.222387
2594.899034
2602.906223
2604.204673
2629.772640
2656.521858
2677.429903
2679.436693
2715.870355
2722.325202
2753.772896
2765.612522
2765.955801
2792.701333
2831.758137
2848.872179
2870.441046
2909.116821
2948.422413
2965.758336
2971.590756
2987.951213
2995.356433
3011.715538
3026.183080
3055.243384
3090.817138
3115.005161
3130.429462
3146.761082
3168.885107
3177.476781
3181.136318
3207.135356
3208.839609
3219.453895
3241.556461
3244.776753
3283.000631
3321.554128
3332.410052
3358.936789
3433.488644
3438.031387
3443.275304
3479.422053
3506.456894
3506.529750
3515.238912
3550.292031
3575.488571
3582.203937
3584.935817
3610.298696
3619.618739
3645.935521
3654.867762
3656.894316
3680.744967
3688.891724
3694.998979
3722.043171
3733.399154
3750.228480
3756.247693
3770.581509
3785.087633
3808.595757
3820.025839
3822.156344
3854.303204
3885.491604
3887.120343
3889.428122
3923.346519
3924.505375
3950.173357
3959.773330
3962.778558
3982.041653
4002.993269
4013.289576
4029.133622
4042.764006
4044.454357
4097.846689
4105.757043
4132.241022
4136.942941
4164.820348
4167.770784
4198.903672
4230.323957
4234.561869
4249.055468
4261.138536
4267.738143
4301.092458
4324.814672
4334.394669
4357.043109
4366.981439
4377.179938
4389.085791
4421.114447
4431.690801
4453.827609
4462.276927
4521.638490
4525.398550
4555.740530
4586.003657
4589.906684
4592.221662
4616.557512
4646.738851
4676.602703
4677.434279
4720.294925
4730.984550
4734.740823
4763.083988
4767.527430
4805.060604
4819.913578
4840.778287
4848.243677
4876.781408
4904.988372
4953.249527
4958.089619
4970.963087
4990.782888
5050.955636
5067.535218
5129.560713
5138.871733
5144.905805
5164.071697
5169.234255
5183.702425
5189.485026
5238.946190
5260.785204
5263.626764
5288.498924
5320.709697
5339.166548
5339.343694
5359.111860
5364.545190
5377.766731
5390.247342
5414.256077
5416.114626
5439.850025
5464.778538
5494.619705
5506.706328
5515.360532
5533.417384
5540.226302
5592.506343
5609.743189
5618.783422
5619.341489
5645.535150
5656.101145
5693.703964
5722.505733
5754.889479
5768.552720
5782.676210
5806.298294
5810.997342
5839.629579
5846.022365
5867.974051
5868.137735
5885.788443
5925.120399
5927.193211
5973.776674
5987.584011
6004.296594
6039.960101
6047.830378
6073.209714
6079.598281
6085.630876
6105.851467
6110.511173
6126.440989
6139.049614
6142.962192
6167.439229
6174.026568
6236.185163
6272.020547
6292.195517
6300.454241
6331.802444
6334.049492
6337.652430
6362.369551
6371.655484
6425.075045
6463.652580
6487.130225
6506.888122
6519.186148
6541.839683
6549.567986
6592.995757
6610.551175
6612.693949
6636.346849
6644.606116
6675.028506
6678.730082
6706.879416
6721.099971
6749.391223
6762.910607
6801.970349
6820.666880
6834.684424
6846.022294
6855.974708
6868.490321
6902.677448
6936.574926
6960.605445
6969.455183
6970.689623
6995.456737
7010.094053
7030.215871
7041.084003
7050.234887
7077.151262
7089.892558
7098.569801
7113.324987
7127.833747
7185.180401
7200.711574
7206.085328
7234.297857
7260.359383
7283.524789
7297.928619
7300.041729
7357.954920
7365.677204
7374.134616
7394.697283
7398.900683
7431.785868
7463.610012
7468.353014
7490.259120
7504.848366
7526.908245
7542.319426
7558.035656
7567.265536
7579.362260
7605.169949
7616.578559
7618.116947
7648.290435
7654.150998
7677.913075
7685.462024
7691.916763
7707.622316
7728.892510
7737.483718
7766.131100
7794.768089
7805.365677
7823.235261
7839.831379
7843.509229
7850.623978
7878.385753
7881.612667
7905.823093
7921.094616
7932.754474
7959.141682
7960.897557
7985.405995
8001.157210
8030.151325
8041.602491
8067.313704
8082.691751
8103.278743
8123.773938
8165.055991
8166.463955
8174.738367
8191.821886
8210.123705
8216.354155
8244.443947
8279.231860
8291.579323
8314.383330
8340.274483
8365.553416
8381.263862
8414.415471
8418.856620
8440.697452
8446.716107
8465.527517
8491.718526
8511.603919
8517.670974
8543.342219
8548.121750
8590.903962
8622.237303
8634.498742
8638.772173
8648.620600
8670.487321
8703.242430
8730.199975
8733.525367
8757.891561
8761.482380
8763.979332
8785.755815
8795.932436
8803.349923
8826.776684
8845.508327
8857.801396
8870.672037
8887.626791
8889.103130
8898.751745
8920.391884
8928.988403
8952.199636
8957.699008
8970.259115
8988.401683
9010.895824
9016.496567
9017.975181
9048.513981
9049.412468
9051.302094
9080.250765
9082.293079
9090.952215
9115.191742
9130.980896
9147.183552
9169.552942
9174.302756
9179.749720
9206.193721
9208.722767
9238.927958
9246.630537
9247.538973
9271.630251
9282.393907
9316.701135
9321.778413
9368.979921
9386.597581
9396.329792
9402.738907
9436.543432
9470.105518
9470.683903
9494.023875
9503.408358
9530.247311
9537.060497
9544.335705
9566.555648
9571.821489
9604.401952
9642.007454
9656.029088
9680.440772
9718.794965
9731.303826
9769.191941
9779.970297
9796.790079
9814.533307
9874.344992
9885.030345
9913.160609
9919.102066
9924.358285
9951.784260
9954.602248
9964.726130
9989.883222
9990.236700
10044.158394
10059.075351
10085.337316
10092.970435
10108.174834
10125.301617
10127.790380
10146.554801
10161.596474
10166.872004
10185.071370
10195.236476
10208.520498
10223.721888
10229.431269
10251.147840
10261.474706
10262.887458
10373.251030
10409.920063
10421.770878
10424.855750
10446.345113
10464.982625
10481.996760
10487.979154
10508.241849
10517.401128
10551.518467
10553.350901
10581.926294
10588.155479
10611.956364
10656.744742
10672.441677
10690.065643
10702.215405
10723.245646
10724.134706
10731.313555
10758.472218
10765.046133
10791.698290
10807.658256
10817.488797
10823.283399
10887.126838
10891.072725
10900.505617
10950.306939
10954.403004
10981.397053
11008.206021
11013.382818
11034.699121
11075.594251
11086.451876
11106.204931
11138.645359
11168.340302
11171.458685
11190.248504
11199.195549
11209.609839
11215.537843
11247.136041
11261.321761
11265.751251
11290.437613
11292.972315
11315.671105
11325.046683
11359.874881
11421.702369
11442.798148
11488.626897
11507.298945
11520.447679
11544.226236
11547.136113
11555.697069
11573.514571
11599.784006
11619.579104
11623.585816
11652.650404
11656.771413
11658.222413
11693.467317
11706.800518
11729.208124
11731.741077
11733.819050
11765.729180
11770.268206
11816.206917
11847.367423
11873.695905
11876.991582
11885.358666
11902.991910
11915.102110
11924.689648
11952.508459
11990.730368
12044.267712
12054.479457
12067.370111
12085.388825
12085.457023
12106.603923
12147.734882
12168.697655
12179.540642
12184.605470
12209.698461
12211.991738
12244.537259
12251.916181
12263.065011
12276.854208
12292.958812
12302.677348
12335.509493
12342.033226
12376.304753
12381.356942
12410.557522
12419.077061
12420.101020
12444.540706
12457.773545
12462.894098
12478.497181
12496.182552
12505.042230
12512.262876
12534.089398
12547.769125
12571.825378
12590.541182
12609.378158
12614.734599
12647.504257
12648.893514
12675.538157
12682.606809
12685.301062
12752.104917
12758.674392
12787.598230
12794.875810
12803.504635
12830.480089
12857.617697
12866.717062
12886.914693
12892.469480
12902.285462
12926.853586
12927.175845
12936.279660
12962.199247
12970.990089
12997.259387
13008.734059
13031.616604
13071.164724
13088.645832
13100.187780
13128.483874
13167.047396
13169.351305
13169.729806
13202.050546
13203.535628
13204.898578
13233.846115
13236.997332
13243.470339
13265.606798
13269.727290
13281.495845
13296.426752
13302.705557
13319.788619
13327.446793
13335.891758
13368.665545
13390.064490
13395.507237
13401.288331
13421.128106
13432.277678
13433.979086
13452.006216
13469.214443
13482.136820
13497.690268
13513.153907
13529.282202
13542.947011
13560.330296
13576.298625
13615.882924
13621.751558
13639.374615
13671.279985
13690.620040
13711.601668
13728.460331
13766.659385
13769.624495
13769.809069
13798.389402
13802.396888
13805.773318
13826.315155
13836.304979
13844.105759
13854.650940
13870.218081
13882.659965
13883.232002
13960.536117
13963.073543
13973.916749
13988.764615
14008.220544
14015.148379
14041.091472
14044.490457
14083.386338
14092.775602
14118.474571
14124.443011
14166.451336
14168.385643
14190.270843
14219.148518
14227.263781
14265.539615
14293.051761
14303.706053
14335.035019
14340.849617
14376.916668
14379.170240
14419.572555
14444.231951
14456.581696
14463.045067
14469.463140
14496.111110
14506.573119
14520.554442
14535.025066
14546.996852
14550.495388
14573.127161
14625.752722
14638.253590
14651.742538
14653.248488
14680.589455
14681.282182
14690.884105
14723.125703
14729.632954
14763.499950
14765.157543
14768.557542
14791.277963
14806.803058
14819.022279
14845.381910
14848.041487
14876.943564
14884.376790
14890.900420
14905.993688
14960.843099
14964.760488
14994.770119
14998.252374
15012.793994
15024.655764
15035.646839
15052.692251
15054.811338
15108.746236
15116.455771
15131.352041
15144.211608
15179.928872
15208.019272
15214.837571
15243.551389
15249.568711
15283.601627
15284.089238
15309.655715
15321.422677
15343.563270
15353.295227
15358.769844
15377.738024
15386.695364
15453.284205
15471.273664
15486.424878
15507.862679
15513.761184
15518.491990
15544.846570
15550.587150
15581.764185
15614.323782
15614.947779
15645.854760
15656.339756
15684.397375
15695.007501
15707.690270
15719.318872
15732.395706
15738.768727
15754.497557
15788.524209
15824.103003
15831.613693
15846.839516
15858.889348
15884.837304
15893.794412
15925.313692
15928.675350
15956.427102
15962.052798
15963.374930
15986.975026
15996.675489
16003.270348
16018.480284
16043.873443
16051.030530
16064.066644
16083.749029
16084.915396
16098.641230
16117.116273
16133.082655
16182.791392
16209.833314
16234.967761
16294.602572
16301.233090
16333.398296
16337.453301
16366.189538
16379.805107
16399.361926
16425.511893
16431.127564
16461.299088
16463.306927
16466.395715
16509.948819
16526.846348
16552.964612
16557.904496
16595.596947
16608.956316
16619.436278
16637.883595
16646.660351
16649.826881
16679.288385
16681.283422
16686.005086
16709.312428
16724.297117
16724.325334
16738.481107
16767.137589
16768.229421
16795.680154
16824.297101
16894.596434
16954.670992
16961.478489
17014.581005
17016.337695
17055.517166
17065.947378
17108.839533
17116.959843
17133.443334
17147.064661
17184.616526
17211.563314
17218.503695
17223.260599
17249.668927
17261.961533
17268.114279
17293.132747
17300.050833
17361.536974
17368.387103
17375.362122
17393.618573
17399.079181
17435.804423
17443.752173
17449.327468
17469.040919
17485.236133
17494.500400
17510.632470
17520.607937
17520.911672
17546.872815
17548.067812
17555.936655
17573.586460
17622.612429
17652.445058
17659.231888
17660.503437
17697.706065
17706.987480
17727.316750
17733.388707
17759.765814
17773.129445
17789.421195
17811.691985
17825.306039
17846.935944
17857.927365
17889.070458
17921.458777
17933.658151
17953.142892
17963.948558
