45186
90322
180145
270365
300077
315252
360195
420182
480111
495068
540058
540094
585113
600016
630116
660108
675100
720050
765243
779980
839895
855397
899963
900400
959998
990285
1020027
1035299
1080087
1199856
1260446
1319764
1350406
1379962
1440458
1499966
1560005
1620070
1620317
1665426
1680195
1710404
1740179
1845653
1890679
1920087
1935756
1980149
2026095
2040202
2071177
2100245
2116274
2161372
2206344
2220418
2251263
2296231
2341324
2386331
2460060
2521207
2566099
2639867
2699762
2745813
2790843
2819611
2880848
2939669
3015730
3059592
3060763
3105825
3119397
3150829
3179405
3195797
3239558
3240877
3285676
3299674
3330644
3375654
3419655
3420705
3465592
3479576
3510721
3555672
3599574
3600679
3645729
3719557
3735973
3780980
3826030
3839555
3899516
3916125
3959523
3961112
4006061
4019434
4051131
4079362
4095969
4140790
4199450
4230691
4259421
4275569
4379613
4410642
4439744
4499763
4500707
4545623
4590722
4619997
4635676
4680022
4725798
4740008
4770812
4799913
4815766
4860021
4860651
4905600
4920027
4980044
4995362
5040203
5040386
5100234
5160333
5175334
5265353
5280284
5310350
5340073
5355355
5400126
5535153
5580509
5670247
5700692
5715393
5760505
5760631
5850477
5880570
5940496
6000423
6030626
6060528
6075644
6180670
6210605
6240645
6255496
6300674
6345566
6390537
6420276
6480276
6480605
6540353
6570813
6600427
6615948
6660504
6660943
6706108
6720388
6751231
6841279
6886213
6900206
6931246
7020201
7066153
7080139
7111062
7140271
7200861
7245751
7290918
7335935
7380976
7426069
7440486
7500518
7560540
7560921
7605757
7620494
7680581
7740643
7740953
7800863
7860874
7920933
7921082
7966187
7980938
8011118
8040930
8056005
8100959
8190854
8221031
8281001
8340945
8370680
8400915
8415666
8460801
8460898
8505708
8521054
8581272
8640983
8641131
8685855
8701100
8821008
8880898
8910873
8941030
8955876
9000846
9001041
9046024
9061092
9121032
9136141
9180949
9226192
9240909
9271358
9300946
9316158
9360630
9360996
9405939
9420507
9450869
9495910
9540506
9540958
9585882
9600717
9631031
9660749
9675842
9720935
9810839
9840803
9855849
9900657
9900757
9945835
9960699
10035796
10080768
10125820
10140676
10200704
10215736
10260521
10260782
10305517
10320677
10350607
10380482
10440580
10500488
10560466
10575754
10620909
10665797
10680657
10710627
10740825
10800722
10800803
10845623
10860691
10890683
11025810
11040861
11070837
11100905
11160938
11250993
11295916
11340859
11340976
11385923
11430874
11460723
11475900
11520675
11565970
11580553
11610936
11640478
11655852
11700277
11745941
11760398
11790944
11820297
11836118
11881114
11926042
11971108
12000218
12016168
12060142
12061266
12106216
12120073
12151086
12180173
12195980
12286030
12300416
12360473
12376182
12480590
12511269
12556116
12600536
12601046
12646111
12660531
12691184
12720592
12780579
12781088
12840680
12870968
12900800
12916138
12960855
12961076
13020758
13051031
13080600
13095935
13140789
13141003
13200810
13260824
13275888
13320789
13320981
13365989
13380868
13440948
13500816
13500907
13545920
13560860
13591006
13635957
13681022
13726046
13741213
13801250
13815854
13860959
13861310
13921233
13981108
13995802
14040680
14041176
14085579
14101265
14161214
14175749
14220673
14221292
14265612
14310691
14341236
14355532
14400715
14401413
14445836
14461289
14490770
14521280
14535804
14580822
14625943
14641337
14701407
14715997
14760901
14761228
14821247
14850744
14881137
14895892
14940801
14985896
15001098
15061116
15120608
15121177
15165418
15181351
15210536
15241556
15255504
15301383
15345632
15390502
15421447
15435582
15481473
15525666
15541517
15570823
15615814
15661492
15750641
15781653
15795729
15840691
15930713
15961770
16021747
16065812
16081709
16141676
16155989
16201055
16201725
16245925
16261727
16290925
16335807
16380873
16381974
16425833
16441862
16470853
16501757
16561792
16650865
16681752
16740784
16741824
16785973
16862024
16875966
16921012
16921944
16966047
17042046
17055884
17102017
17162093
17222160
17280864
17282075
17325758
17370750
17402074
17415851
17460786
17461935
17505724
17521880
17550587
17581893
17595654
17640722
17642013
17702068
17762070
17775741
17882077
17942003
17955650
18000642
18001954
18045571
18121775
18225757
18241914
18270946
18301927
18315957
18360992
18361907
18421883
18481893
18495749
18540719
18585657
18602125
18630550
18662294
18722189
18782272
18810621
18842418
18855657
18900552
18945573
18962459
18990719
19022578
19125650
19142749
19170618
19202510
19215671
19350594
19395473
19440425
19485568
19502498
19530475
19562425
19620309
19622489
19665347
19682502
19710366
19742456
19755351
19800198
19802346
19845226
19862370
19890209
19922381
19935194
19980237
20042154
20070271
20102236
20115098
20159988
20162197
20204966
20249901
20294740
20339686
20384798
20402464
20462408
20474655
20519724
20522423
20564561
20609437
20642496
20654331
20699121
20702545
20744089
20762510
20822586
20834073
20878944
20924083
20942547
21014058
21058903
21062667
21103930
21122681
21148864
21193822
21242630
21283620
21328642
21362295
21373656
21418793
21463765
21482397
21508758
21542358
21553761
21598651
21602265
21643714
21662298
21733710
21778684
21782338
21823639
21842338
21902196
21958715
22003780
22022204
22093787
22138785
22202305
22262351
22273711
22382285
22408615
22442399
22498761
22502380
22562422
22588628
22622570
22633555
22723272
22742483
22768231
22802392
22813135
22862432
22903313
22948198
22982585
23038185
23042693
23083157
23128078
23218098
23222854
23263362
23308276
23443547
23462880
23533375
23623110
23668105
23702772
23713217
23758173
23762730
23803232
23848159
23882661
23983296
24002701
24028406
24073318
24118413
24163348
24208419
24242819
24253513
24298433
24302724
24343434
24362813
24388366
24433328
24478312
24523074
24542647
24568036
24613015
24658156
24662985
24703052
24782992
24837874
24843013
24882958
24928087
24962851
24973190
25018153
25022911
25082799
25142718
25153015
25202552
25242998
25262581
25322626
25378147
25382716
25442795
25468016
25557810
25562628
25602772
25622508
25647816
25682528
25737968
25742394
25782930
25802471
25827868
25862503
25872727
25922563
25962794
26007822
26042626
26052684
26097646
26162654
26187736
26222718
26232623
26277524
26282799
26342784
26402615
26412698
26462694
26502588
26522530
26547599
26582270
26592895
26642227
26727919
26762287
26772985
26818013
26822228
26862973
26942142
26952918
26998043
27002038
27043027
27061982
27088034
27122114
27133132
27178012
27223095
27242321
27267839
27302245
27357806
27362239
27447628
27492655
27537605
27627369
27662219
27672369
27717402
27722174
27762277
27807243
27842195
27902286
27942137
27962195
27987182
28022249
28032244
28122029
28142288
28202277
28211955
28256885
28262326
28322349
28346800
28382385
28391826
28436904
28442347
28481949
28502196
28526997
28562213
28572100
28662123
28682375
28797262
28801957
28861977
28921913
28932180
28981870
29021745
29041864
29066859
29101590
29111985
29157056
29161539
29202182
29221405
29247112
29281387
29292232
29337165
29341539
29382200
29401546
29427129
29461499
29516998
29521499
29561910
29581560
29761683
29786810
29821624
29876788
29881555
29921785
29941461
29966541
30001499
30011672
30056784
30061536
30121678
30146720
30191508
30236523
30241489
30281486
30326484
30361512
30371559
30421486
30461337
30481359
30541464
30551321
30596333
30601424
30686443
30731362
30781393
30821534
30841358
30866463
30901349
30911318
30956562
31021458
31046365
31081535
31136477
31181422
31261717
31316335
31321688
31361384
31381573
31406272
31441597
31451208
31496121
31501757
31541236
31561595
31586256
31621676
31631036
31676089
31721102
31766030
31801453
31855825
31900646
31945853
31981492
31990820
32035745
32041593
32101571
32125712
32161388
32170787
32221386
32281432
32305642
32341362
32440484
32461509
32521438
32530611
32620353
32641489
32665577
32701424
32761371
32800520
32821329
32845650
32881320
32935667
32941270
33025385
33060994
33070312
33115325
33160348
33181057
33205459
33241078
33295333
33301024
33360931
33385546
33420803
33480680
33520598
33540581
33600648
33610449
33655564
33700588
33720720
33745705
33780629
33835809
33840687
33880927
33900903
33960808
33970727
34015677
34020810
34105637
34140933
34150574
34260730
34285549
34320686
34330616
34375556
34380774
34420728
34465626
34510722
34555853
34600897
34620534
34645819
34680438
34690786
34780580
34800449
34825676
34915547
34920257
34980376
35005279
35040448
35050230
35095281
35100583
35140167
35160579
35229863
35274802
35280477
35319903
35364713
35400509
35409832
35454859
35460749
35520785
35544743
35580859
35589724
35634752
35640930
35679639
35700850
35724825
35760764
35769843
35814946
35859851
35880937
35904645
35940940
35994486
36001082
36084443
36121090
36129300
36174460
36219482
36264300
