14.705684
27.185608
62.880715
91.340281
108.124951
109.471087
191.265723
245.196417
372.126244
382.694982
385.888782
422.230577
463.791622
480.467863
499.529770
536.298133
562.467528
583.673197
604.687435
624.648490
639.967799
709.869751
733.110468
748.003226
778.804761
785.312517
922.220647
950.979914
976.813389
1011.984060
1030.603355
1055.584501
1111.000750
1170.714029
1218.998753
1244.028374
1350.653006
1407.849517
1413.376758
1440.367476
1523.597230
1536.079090
1578.653145
1595.495332
1643.074514
1677.217093
1691.160684
1781.718347
1802.449964
1861.126061
1864.066648
1954.348781
1974.221614
2060.080228
2070.457427
2110.942554
2123.641227
2162.628236
2215.117163
2241.993950
2276.288906
2291.598708
2335.893867
2348.715405
2366.462431
2373.496721
2425.974089
2426.649415
2427.500157
2440.564885
2474.763784
2523.146454
2577.173587
2607.182351
2619.924560
2651.075145
2791.105051
2794.907003
2831.306295
2842.620055
2871.190549
2885.553041
2914.143257
2955.804579
2966.595591
2977.409988
3043.832065
3099.207893
3176.540806
3266.282088
3331.551105
3375.128080
3391.615714
3426.437662
3447.025968
3487.755376
3523.813074
3530.285708
3572.400314
3628.944282
3635.080221
3721.275593
3782.025191
3815.092205
3853.072664
3879.587400
4002.163281
4006.515740
4081.945796
4094.078702
4250.169777
4258.641795
4259.935615
4292.764975
4305.290004
4360.515584
4379.610310
4437.756568
4448.333902
4475.030224
4534.600085
4554.348686
4623.968772
4667.329042
4682.879459
4741.506782
4776.071384
4791.152068
4836.575053
4851.618413
4890.003326
4920.694019
5013.015762
5117.529880
5150.157728
5188.656829
5195.759927
5200.641821
5244.311125
5253.063691
5317.249004
5321.389611
5332.716820
5512.717627
5562.106545
5570.149788
5630.995327
5673.263547
5706.452953
5728.832908
5744.143885
5792.664984
5949.922446
5988.152889
6067.385949
6078.724425
6101.378737
6168.599154
6194.261113
6247.238126
6296.023298
6397.333888
6483.170223
6508.891776
6542.167653
6556.764425
6593.882573
6624.731623
6645.887127
6646.608405
6708.410546
6715.068650
6781.309003
6800.896715
6814.235532
6862.901026
7000.552736
7012.937611
7022.943590
7034.156414
7089.928891
7117.581388
7219.372596
7246.026227
7277.187573
7277.820572
7327.888792
7369.847122
7382.993906
7418.656107
7481.820464
7599.956953
7641.949909
7642.233312
7671.368606
7736.377717
7759.159834
7790.565250
7925.048114
7958.563451
7984.208506
8036.486006
8078.676054
8105.612843
8140.833600
8167.699996
8197.155017
8246.396317
8287.662201
8339.725620
8358.684612
8377.384561
8392.493857
8453.980575
8498.276238
8619.161443
8622.354269
8638.156241
8686.380896
8698.998170
8708.461478
8813.276573
8894.216853
8922.290490
8949.576754
8965.835720
9015.831217
9022.556929
9105.036636
9162.627272
9181.304333
9228.036327
9251.505850
9276.806731
9285.045078
9375.345769
9409.370080
9415.399610
9418.102459
9455.563264
9508.129944
9551.856961
9632.870983
9642.821584
9722.689661
9738.127496
9758.445673
9909.128478
9912.911546
9947.530093
9956.931222
10019.442664
10219.757144
10252.409624
10277.455675
10322.879186
10335.451022
10425.596322
10455.173261
10482.257377
10558.696701
10562.845223
10578.861612
10647.693351
10677.731650
10680.186339
10753.223519
10804.309082
10814.249064
10836.008368
10921.282895
11047.662066
11197.008860
11201.671679
11250.823426
11269.901910
11299.714734
11307.616442
11362.290642
11387.953222
11445.984147
11516.806693
11527.795296
11556.395784
11569.318724
11661.249992
11682.697787
11738.982810
11740.037874
11744.105995
11753.817621
11776.739354
11832.370956
11845.747327
11902.991293
11989.357738
12007.637614
12029.527494
12087.018321
12107.105712
12120.181031
12205.346438
12247.039666
12277.231587
12292.453882
12395.504991
12475.214317
12478.055325
12488.145526
12560.311731
12580.398762
12616.488712
12673.059752
12680.597353
12708.493270
12835.673098
12858.397093
12926.599368
12955.478220
12990.817996
13026.043567
13086.627595
13137.560189
13180.572646
13230.693045
13266.742058
13299.692909
13305.616619
13325.238001
13388.484866
13415.057293
13449.432873
13453.105294
13493.664333
13496.011870
13546.331767
13585.339494
13598.466885
13616.426077
13689.068353
13708.933810
13760.285120
13768.370055
13778.859884
13782.578023
13818.324692
13849.927590
13865.531344
13874.214994
13876.463926
13910.254278
14063.453560
14085.456001
14142.468609
14143.656897
14155.010609
14178.571639
14188.148926
14242.653835
14312.624160
14331.499786
14338.416784
14367.108539
14424.394192
14470.851712
14534.689569
14549.741923
14602.075302
14639.463618
14687.009975
14796.349287
14863.419678
14876.215468
14899.217046
14965.691062
14999.359261
15019.121750
15041.828867
15054.475383
15056.672602
15089.048997
15110.956241
15146.239365
15154.745889
15223.570962
15272.632778
15273.394716
15348.398781
15372.285632
15401.067795
15410.996072
15424.793935
15464.079416
15530.780286
15536.108559
15693.672210
15708.088498
15741.719330
15768.439580
15816.281639
15816.567187
15843.069912
15873.697878
15939.186738
15953.053575
15959.674226
15966.323289
15997.287896
16001.512839
16097.927764
16151.655897
16190.355145
16213.470733
16236.868436
16250.090352
16319.113812
16324.098135
16480.061484
16497.499601
16510.180961
16544.105346
16601.073278
16663.628363
16787.000555
16794.043861
16973.218217
17014.582845
17067.560192
17074.959246
17104.090627
17160.657836
17160.902224
17246.998428
17282.246126
17385.699502
17421.452969
17422.067466
17436.036939
17472.480303
17477.833719
17530.076717
17550.417539
17579.136142
17609.054643
17613.649613
17711.128467
17742.042434
17803.857668
17858.978207
17900.291169
17992.684513
18024.930728
18028.665460
18034.794105
18114.960290
18116.013798
18154.524790
18167.213550
18167.922219
18219.117346
18302.047263
18351.199149
18383.857148
18477.272145
18514.757018
18536.249184
18564.437123
18622.856972
18717.527727
18752.993503
18763.339665
18796.907951
18836.645689
18842.346322
18892.227663
18906.709483
18930.650394
18962.109907
18991.691809
19002.764492
19090.193308
19270.904496
19308.708613
19363.271065
19378.469347
19427.141146
19433.495791
19458.601559
19503.712195
19519.703203
19557.757157
19633.985598
19704.359941
19736.207775
19739.160389
19788.181430
19827.622613
19881.440317
19907.351176
19922.910244
19989.683375
20015.946787
20049.623667
20092.824317
20187.216038
20196.653548
20212.070276
20302.717306
20363.604954
20411.121682
20423.724555
20467.685054
20468.551035
20520.655666
20559.680289
20560.483295
20581.632907
20645.086460
20651.987033
20678.067391
20732.619682
20764.927794
20820.860775
20846.730399
20882.766954
20926.881378
20929.962303
20940.837953
21033.402930
21124.324789
21151.065328
21196.493432
21311.204510
21313.557733
21348.859798
21370.773980
21400.002838
21624.456822
21627.865959
21662.384110
21663.709958
21679.366711
21715.250770
21751.542036
21777.892034
21783.873205
21831.308887
21860.101149
21914.182011
21919.767624
21970.952520
21977.002589
21994.482573
22042.368603
22047.962411
22088.034885
22101.213045
22125.598138
22179.406796
22217.351867
22249.463210
22287.349668
22319.134142
22436.104103
22547.069263
22560.982298
22590.996965
22591.930884
22596.730234
22645.180892
22654.761600
22709.686907
22782.100027
22838.343377
22845.032244
22903.320720
22965.658648
23059.917006
23063.527101
23101.599242
23113.678212
23113.787742
23156.236795
23198.806970
23266.884326
23391.867002
23469.391184
23495.080805
23533.746431
23550.286822
23555.620804
23656.861435
23674.545936
23749.758554
23802.059954
23824.737150
23862.837078
23963.012511
24009.661021
24046.276386
24053.074717
24156.934175
24205.393273
24228.286615
24286.069705
24321.202646
24366.284742
24416.230249
24422.038190
24458.739779
24474.027510
24474.283106
24554.634297
24563.286891
24588.598797
24664.186177
24668.561449
24722.930275
24763.750144
24880.092671
24916.792734
24941.148794
24971.361609
24975.472592
25030.433015
25042.910282
25088.628582
25131.994369
25212.467330
25232.477507
25240.435720
25289.942520
25309.433345
25337.600467
25351.519117
25472.771537
25518.940447
25536.691686
25575.698932
25582.389862
25597.491160
25653.838663
25668.307732
25699.461972
25704.716088
25818.132177
25858.927305
25911.416481
25954.539941
25969.659871
26084.972940
26140.757674
26159.689104
26231.542182
26266.766293
26292.610253
26310.330642
26324.013205
26405.164250
26418.565055
26424.553984
26607.469242
26609.092863
26638.189143
26676.154279
26695.846358
26784.942402
26792.196096
26818.462533
26896.373918
26938.903719
26949.773576
26991.797807
26995.738032
27053.310091
27056.031276
27124.329964
27133.408658
27147.477952
27184.426570
27241.823406
27293.249444
27321.857090
27335.761720
27371.410577
27377.608022
27445.898990
27523.934073
27560.291731
27571.296191
27619.499152
27653.986958
27692.443276
27714.464011
27731.407417
27749.652999
27860.597052
27897.173438
27901.698882
27950.836606
27986.480650
28057.599395
28063.236015
28074.902836
28107.925156
28112.696294
28179.755402
28200.463340
28217.796321
28236.983730
28248.569892
28256.875920
28272.220227
28297.654731
28337.319405
28341.891791
28346.799268
28404.611101
28414.214447
28462.979383
28527.503861
28613.479481
28655.502461
28682.350123
28689.642174
28736.654971
28779.632890
28792.646180
28827.923862
28889.778002
28918.989437
28989.918170
29005.834441
29105.932965
29113.983863
29143.413606
29151.428646
29186.726279
29240.774704
29243.302291
29337.013965
29351.401571
29371.692056
29450.610082
29454.706679
29555.089384
29574.641472
29611.011458
29611.087832
29682.515998
29701.018588
29733.213707
29817.503299
29961.658757
29985.831663
30019.176524
30073.196730
30110.238198
30116.643012
30256.194911
30283.430159
30298.392898
30352.666521
30384.429777
30430.077915
30443.927764
30500.863115
30509.683209
30538.577169
30562.660929
30612.424257
30771.865094
30814.376742
30843.730524
30858.115467
30924.764655
30987.103561
31027.877093
31187.335768
31224.480719
31247.759768
31339.571543
31365.849476
31365.854171
31442.356274
31544.354525
31555.741094
31557.311606
31601.247336
31625.969784
31651.449090
31731.612665
31742.987998
31775.229375
31792.854761
31829.105253
31901.441539
31919.300582
31956.239863
31957.731426
32012.089734
32019.305930
32091.530925
32107.370869
32142.424188
32173.217130
32268.878705
32279.379711
32328.212386
32370.619668
32400.003183
32473.202029
32508.954534
32653.186472
32712.131721
32813.631188
32871.806863
32908.324619
32928.469930
32961.746840
32990.995396
33007.105703
33020.017158
33056.012307
33113.588428
33118.423000
33191.375768
33214.005297
33240.537069
33380.883056
33381.799124
33429.699361
33488.112926
33565.786825
33577.989800
33671.593861
33715.687921
33743.686603
33756.331423
33768.724647
33801.936679
33840.377188
33850.601267
33907.471660
33943.785693
33977.825262
34109.860166
34159.089337
34163.520180
34216.406728
34250.240461
34284.695945
34294.441748
34322.514492
34340.064717
34397.891099
34491.151634
34532.106283
34544.043296
34694.058995
34697.458293
34793.422897
34824.063219
34846.078052
34873.198837
34904.205896
34914.776681
34993.042731
35007.112082
35019.549459
35052.702711
35095.786590
35106.902799
35196.539826
35209.187775
35229.508127
35261.817994
35279.261688
35285.814908
35363.768921
35376.845192
35389.367012
35446.322211
35470.540820
35476.220690
35504.192505
35580.709828
35596.960921
35700.765806
35724.261515
35775.717042
35800.640570
35885.891143
35914.655577
35928.618320
35943.879411
35965.536884
35989.988593
36043.151881
36104.884155
36116.007642
36157.681310
36250.513570
36305.164637
36321.896215
36344.840001
36368.928524
36400.497457
36490.696369
36527.108820
36549.233426
36655.879269
36669.197162
36763.042222
36770.864866
36838.590574
36841.503106
36853.586801
36877.846694
36946.128185
36979.541783
37004.311255
37025.541063
37037.316436
37097.551511
37130.010010
37135.277603
37164.439649
37209.308429
37220.793592
37254.589596
37259.724840
37284.121315
37317.052793
37490.690452
37585.480655
37622.664334
37633.055202
37712.265381
37725.092687
37749.901505
37772.349019
37796.961648
37941.076868
37941.546580
37993.143436
38103.361325
38131.798649
38144.188577
38170.552710
38205.792975
38234.948737
38240.326855
38253.974976
38312.866997
38413.781265
38467.840428
38470.896661
38491.222343
38504.425000
38540.548412
38546.294585
38565.148971
38659.683505
38696.195516
38729.998479
38789.158846
38859.390878
38870.475018
38883.120249
38916.433802
38931.774250
38948.024982
38987.792119
39044.473499
39047.747608
39102.515355
39116.065466
39129.402360
39166.070734
39212.841501
39269.150832
39290.840320
39350.993113
39423.644037
39445.886403
39480.235286
39493.244529
39514.797434
39584.200633
39609.539555
39614.816538
39660.033663
39670.445680
39682.975649
39792.428112
39804.140947
39889.766848
39891.550753
40013.137138
