54.588886
67.436016
94.489758
132.514579
156.800891
198.621760
251.555858
283.479306
331.772608
347.211675
439.320547
465.114607
470.789698
496.275975
499.822735
532.294650
592.847740
623.798384
655.765332
715.736643
734.896072
748.570797
809.765875
826.315310
880.780036
1045.666715
1070.227477
1086.946549
1098.835625
1147.372015
1177.512661
1203.689624
1209.370699
1238.137546
1268.652528
1298.798799
1319.138005
1330.683281
1339.525156
1362.258393
1394.991320
1426.167380
1456.312080
1475.389195
1519.225023
1578.689560
1610.586904
1649.870325
1676.661180
1700.964462
1705.140801
1743.694902
1764.161944
1795.429663
1810.795228
1871.869889
1877.565803
1887.097725
1979.924433
2034.710616
2080.211865
2088.571333
2133.019645
2194.026412
2196.407702
2214.441679
2225.637697
2255.870831
2281.343334
2287.077530
2306.733890
2347.530089
2349.563581
2414.309989
2417.318663
2526.407461
2537.681224
2570.003293
2581.893132
2599.193951
2614.265956
2629.933699
2660.029731
2690.876796
2694.341712
2723.046560
2749.503072
2753.288325
2784.959960
2805.755169
2816.695978
2817.223541
2849.337607
2859.859154
2882.172894
2885.168780
2911.639726
2953.085669
2968.969719
3019.624812
3022.041927
3030.483909
3077.087722
3086.536105
3092.668547
3153.645808
3155.726896
3186.539732
3218.034777
3218.591190
3248.510925
3279.783990
3286.703892
3297.306818
3311.184815
3342.083911
3352.773271
3404.480849
3409.671264
3419.963051
3465.929423
3519.347253
3529.067864
3554.279000
3561.006917
3573.212959
3624.389866
3654.012040
3682.523744
3686.602344
3689.160747
3748.180424
3755.363393
3779.895138
3890.914306
3903.503038
3931.268446
3959.756093
4014.254392
4021.695166
4024.375699
4052.851354
4070.906905
4114.239888
4146.090239
4158.869004
4177.719670
4180.883653
4210.619652
4225.908508
4240.936748
4304.927132
4336.554036
4343.535166
4359.157621
4397.928755
4425.467991
4453.984765
4460.987662
4491.861316
4509.906676
4555.297758
4586.612335
4619.283388
4649.281599
4680.216238
4694.380343
4728.291489
4742.939260
4773.966851
4783.181043
4827.292589
4835.036097
4893.921138
4927.368948
4947.609467
4991.856086
5003.329874
5023.511102
5029.249529
5054.799362
5084.569731
5095.704324
5145.526553
5161.987190
5206.653982
5230.357059
5236.724229
5268.626514
5279.484944
5297.734443
5334.564290
5432.306380
5443.099222
5483.354205
5499.234013
5514.312455
5608.941077
5634.576555
5666.741372
5699.447074
5727.779175
5757.680044
5826.475011
5850.100550
5882.017698
5883.382436
5937.803685
5943.367460
5969.303920
5975.815960
5992.149609
6007.281514
6036.511607
6036.754745
6067.074371
6099.333642
6105.874579
6129.255217
6154.726788
6173.900827
6191.527947
6223.850936
6241.697911
6261.727809
6317.281684
6351.977605
6370.757228
6375.834108
6425.825555
6448.504552
6479.454285
6508.391472
6537.228692
6540.171030
6575.687064
6591.226149
6601.203928
6633.518082
6641.719029
6648.279328
6665.426108
6697.074147
6707.614575
6728.788995
6774.971160
6791.667848
6814.049066
6823.710767
6841.677086
6908.141719
6947.985830
6974.173629
6979.291187
7012.760730
7041.132873
7076.132664
7109.320026
7141.433752
7142.103450
7196.472856
7205.452341
7237.363674
7244.825025
7250.421038
7267.610150
7304.572350
7360.642014
7378.725878
7390.802258
7416.247953
7513.446882
7514.746730
7546.869294
7582.616208
7609.309214
7638.036472
7668.251560
7698.787780
7729.704212
7761.304977
7782.466235
7800.552211
7825.459230
7856.542697
7966.587354
7980.819922
8011.267365
8051.184432
8074.640594
8104.736142
8117.040563
8166.175365
8185.907769
8186.150947
8196.581726
8228.347344
8259.785157
8291.162617
8297.239829
8320.083323
8354.450716
8385.429033
8407.162756
8478.417567
8511.585626
8517.250949
8518.686340
8573.091686
8584.290735
8605.506387
8680.751160
8696.958922
8727.525541
8734.506687
8785.331942
8790.742737
8821.038632
8846.526535
8850.837429
8853.680887
8882.581949
8956.905714
8974.969183
9004.966886
9069.540473
9100.092332
9176.097243
9188.067102
9225.052821
9254.529587
9256.297344
9282.811181
9286.999313
9321.417323
9336.290494
9348.492933
9391.446505
9471.981797
9501.243674
9501.825071
9523.354214
9532.561229
9556.485499
9565.721462
9597.134084
9612.395192
9659.352378
9721.496541
9752.960542
9776.488415
9815.228132
9830.147032
9856.966728
9874.876962
9884.674444
9906.763340
9923.196833
9937.671040
9993.070968
10000.576899
10031.685249
10046.257677
10061.950997
10093.400310
10124.717210
10127.919948
10155.445950
10155.771415
10211.898828
10218.380415
10249.740291
10261.624165
10268.897242
10323.320253
10377.347816
10394.274814
10406.431760
10432.024525
10462.791484
10485.784455
10499.767185
10540.147332
10559.091979
10649.808297
10703.480936
10740.805751
10760.209976
10772.833431
10802.543177
10815.902290
10833.461371
10861.179705
10862.770282
10871.226312
10893.313748
10924.828580
10928.469601
10956.911372
10988.161347
10996.197679
11033.977281
11049.265031
11064.390474
11078.816832
11108.632273
11145.998207
11170.215752
11198.451834
11200.548336
11230.133625
11265.047857
11291.732705
11322.348205
11355.126901
11364.893343
11386.828297
11397.821464
11418.097760
11475.640222
11513.357726
11532.841201
11576.285613
11607.382966
11665.862283
11696.432065
11731.050458
11735.417634
11750.980396
11766.523572
11827.749639
11863.611540
11891.311479
11967.354483
11982.950545
11997.403694
12013.080374
12021.494172
12064.828712
12130.752564
12167.534210
12185.077870
12198.058878
12198.686400
12228.887910
12240.841054
12292.952876
12295.685329
12325.592844
12331.436390
12356.335487
12462.369296
12479.814595
12509.673050
12517.751129
12541.106034
12571.435902
12573.204079
12598.182369
12605.902687
12625.407992
12636.669295
12665.108755
12698.570360
12730.486819
12732.501156
12792.705843
12863.966997
12884.751678
12944.966169
12975.669434
13005.563996
13035.214583
13064.038801
13096.649214
13128.787663
13157.163833
13189.034361
13221.307834
13251.912412
13264.123249
13281.690838
13285.958473
13314.035315
13332.016859
13341.844905
13344.970358
13397.482726
13398.367095
13408.396372
13452.494209
13503.081620
13508.204440
13563.623899
13599.885588
13616.822841
13631.871165
13660.783877
13673.815177
13693.160983
13722.231251
13752.334018
13839.809133
13845.524996
13867.174922
13878.823378
13934.361349
13949.634327
13973.744606
14002.839154
14036.266651
14065.620416
14070.733145
14116.172308
14126.483639
14137.998270
14170.831830
14220.507644
14225.593458
14250.226201
14272.790001
14279.777379
14281.332902
14311.585840
14336.094269
14338.918893
14342.650521
14373.802798
14391.565260
14404.657700
14404.944163
14435.507217
14470.672741
14500.393314
14527.368278
14536.686449
14561.000576
14610.565610
14651.777435
14670.504566
14683.725709
14715.943058
14721.161513
14745.417424
14804.798122
14806.769788
14829.797297
14835.792421
14870.192349
14898.092366
14928.396256
14936.046743
14940.842452
15019.767145
15050.325807
15070.498967
15111.337685
15136.871115
15141.769947
15172.066280
15233.769254
15269.858039
15269.886458
15298.115754
15323.796344
15331.172596
15336.170791
15362.980843
15379.751909
15394.049703
15402.125930
15425.203783
15486.365678
15490.417701
15536.593401
15578.534859
15671.575829
15708.326924
15737.797716
15763.776443
15816.416104
15926.644555
15937.803184
15951.609008
15982.152065
15983.139884
16005.473704
16012.869279
16043.238962
16072.672703
16105.273918
16136.456655
16149.653964
16203.896214
16208.858955
16274.611962
16311.916413
16320.471061
16341.163493
16349.538489
16409.433195
16413.955446
16475.142188
16478.120974
16532.855607
16541.207186
16572.616823
16604.601028
16609.163979
16636.979186
16696.847794
16727.592842
16750.701393
16805.676262
16860.299403
16915.103745
16915.907785
16976.556226
17006.749110
17012.841638
17025.291834
17037.538977
17130.435694
17144.572064
17159.310789
17190.431675
17219.691746
17251.089487
17277.679370
17281.251018
17301.738517
17312.383931
17341.983234
17344.811450
17355.677166
17372.016711
17410.603955
17436.932223
17464.006124
17497.455838
17528.215150
17545.483870
17577.361957
17589.914936
17613.491382
17622.498316
17632.982929
17680.168266
17686.882602
17717.172086
17797.395443
17812.219060
17841.602257
17852.060691
17873.819557
17902.173816
17932.808632
17962.736182
17963.240904
18018.348623
18074.368871
18084.463836
18113.744089
18129.828928
18142.544018
18172.797255
18212.297773
18234.135227
18239.997655
18295.162938
18325.949696
18347.667914
18348.462762
18388.564143
18419.790867
18450.420134
18457.605939
18482.763578
18567.300261
18577.701020
18607.500018
18615.847940
18622.230894
18637.639470
18699.412797
18731.013030
18762.469300
18793.092301
18843.312568
18883.834794
18884.466952
18898.697202
18914.366509
18949.983644
18955.045320
19007.546037
19010.456169
19130.863486
19149.364808
19161.790530
19177.877621
19226.403583
19256.401218
19284.588413
19286.005418
19340.491016
19350.743277
19413.728566
19443.934602
19505.920895
19535.519227
19552.980060
19565.985409
19620.695575
19687.327544
19691.021940
19785.294129
19822.449778
19832.946323
19845.896965
19877.381160
19939.494301
19970.420830
19997.634138
19999.956774
20025.787400
20053.188441
20124.426606
20157.779424
20162.937031
20187.944231
20220.349617
20275.946803
20281.434439
20331.414394
20373.030095
20388.772253
20428.303332
20434.168052
20444.149881
20465.642657
20495.711523
20527.466226
20562.001367
20588.136027
20618.906435
20629.457784
20649.158098
20662.375022
20695.545051
20718.491408
20773.765433
20828.994838
20829.438363
20835.720991
20886.743190
20899.083049
20929.761699
20941.694586
20992.394765
20997.196012
21023.975904
21052.905520
21055.111606
21095.272914
21107.387953
21146.999181
21179.211862
21211.409155
21217.675377
21228.998056
21244.144790
21275.332077
21305.419765
21335.406150
21363.041490
21397.646095
21427.822898
21430.670296
21456.518451
21487.276155
21493.398653
21518.541098
21563.778829
21579.862669
21602.505761
21611.164835
21640.072095
21702.278693
21733.566795
21764.619567
21764.844173
21768.118916
21822.828184
21860.439209
21892.466638
21901.244099
21931.694836
21967.704276
22018.104087
22035.600669
22039.110536
22048.183205
22078.894904
22102.267779
22141.099448
22171.151413
22205.358441
22236.403962
22261.817162
22295.344631
22316.706064
22371.226109
22388.386687
22418.521738
22424.633777
22438.362243
22450.080785
22478.375548
22481.812537
22533.196728
22571.914088
22601.947881
22633.488104
22639.021708
22665.181475
22707.530561
22726.715240
22752.112623
22757.176097
22773.816255
22788.082952
22819.271119
22842.496639
22851.701023
22882.556681
22945.609514
23008.153455
23025.129373
23039.299638
23042.936126
23070.388815
23100.820141
23109.918126
23136.257739
23161.269291
23178.358993
23191.633144
23192.056764
23223.753363
23246.901616
23255.472443
23286.244032
23349.231275
23356.333389
23410.557258
23410.894174
23440.346567
23503.906697
23512.346019
23518.443884
23535.092849
23565.170744
23573.276509
23578.780152
23597.047574
23629.749681
23647.593492
23686.519563
23713.335243
23780.990418
23789.615087
23850.328677
23882.240507
23906.210823
23962.583696
23975.588974
23983.351923
24006.338044
24016.382921
24065.248089
24070.276039
24115.302796
24126.039565
24158.574905
24180.633581
24182.034502
24189.345641
24220.335819
24251.416582
24282.550390
24315.269162
24342.954332
24345.078822
24376.964010
24452.385411
24470.794683
24502.990342
24508.203299
24514.391670
24534.343550
24563.531970
24566.930052
24582.089121
24617.939020
24628.854832
24659.029964
24690.474831
24715.705548
24719.720894
24728.285375
24781.354380
24782.659698
24811.805544
24836.408134
24841.536229
24872.923476
24892.524372
24903.877760
24914.369900
24934.657300
24980.553972
24997.087711
25027.836147
25057.394781
25152.979400
25167.492959
25182.762192
25183.618256
25276.065781
25277.806110
25317.130845
25332.411544
25384.360046
25427.890515
25452.473663
25491.242869
25497.456430
25523.290566
25583.961772
25588.833863
25711.800128
25723.624405
25742.410849
25770.843114
25856.647510
25868.023590
25880.334806
25898.151910
25922.235056
25930.596316
25935.036923
25989.419299
25990.539460
25992.598193
26023.318131
26046.205619
26122.926453
26143.787091
26175.665565
26210.940740
26295.590955
26320.333499
26359.495254
26392.818578
26423.568279
26454.845897
26458.888528
26517.124243
26527.925698
26540.768119
26579.189062
26669.870505
26731.764936
26732.447883
26759.879898
26762.090046
26798.315042
26813.985303
26869.998639
26884.343477
26946.474209
26976.648410
26980.736735
26997.527356
27006.317850
27034.036236
27037.728895
27066.288421
27134.818957
27161.096974
27202.697814
27223.408726
27254.667716
27270.507903
27284.574200
27315.460785
27347.337974
27363.732110
27404.115520
