31.595709
54.588886
62.124360
67.436016
94.489758
110.148955
126.673058
156.800891
165.124232
186.957809
198.621760
219.590314
220.347355
251.555858
263.453786
283.479306
314.527186
331.112008
331.772608
347.211675
378.844660
387.262629
398.069848
408.718201
439.320547
441.147450
465.114607
470.789698
496.275975
532.294650
562.341538
592.847740
601.258610
604.351797
623.798384
655.765332
668.699060
685.925035
717.653557
734.896072
748.570797
801.213606
809.765875
826.315310
840.135850
868.642603
870.539020
880.780036
900.388819
936.230660
937.129686
962.356465
990.973243
993.554104
1004.816470
1024.362279
1045.666715
1056.505677
1070.227477
1086.946549
1098.835625
1135.674053
1147.372015
1153.726433
1177.512661
1203.689624
1207.092630
1264.119756
1268.652528
1272.210309
1298.798799
1319.138005
1339.525156
1362.258393
1374.533851
1394.991320
1408.142627
1426.167380
1475.389195
1488.031261
1519.225023
1539.264975
1543.929316
1547.650707
1578.689560
1594.803339
1609.503765
1610.586904
1640.252772
1670.983771
1700.964462
1705.140801
1743.694902
1760.286960
1764.161944
1795.429663
1816.673385
1826.239810
1856.137883
1871.869889
1887.097725
1925.803256
1946.692414
1948.640270
1979.018336
1979.924433
2011.252371
2012.995986
2034.710616
2042.284560
2080.211865
2102.966483
2133.019645
2142.407904
2147.853725
2196.407702
2214.441679
2251.647045
2255.870831
2281.343334
2287.077530
2306.733890
2317.047052
2349.563581
2361.540207
2381.766444
2411.428946
2414.309989
2417.318663
2442.910770
2471.416218
2475.525544
2481.771825
2506.644206
2526.407461
2537.681224
2548.603987
2570.003293
2581.893132
2599.193951
2614.265956
2629.933699
2660.029731
2681.352598
2690.876796
2694.341712
2723.046560
2749.503072
2784.959960
2805.755169
2817.223541
2849.337607
2859.859154
2882.172894
2885.168780
2911.639726
2915.197076
2941.382999
2953.085669
3000.648905
3019.624812
3022.041927
3030.483909
3062.566602
3077.087722
3086.536105
3124.244795
3132.957301
3155.726896
3186.539732
3188.377327
3218.034777
3218.591190
3242.461795
3248.510925
3279.783990
3286.703892
3352.773271
3353.602363
3409.671264
3419.963051
3435.133174
3462.803348
3465.929423
3496.915812
3519.347253
3529.067864
3554.279000
3561.006917
3592.637647
3621.625273
3624.389866
3627.690333
3654.012040
3686.602344
3689.160747
3717.894695
3748.180424
3779.895138
3795.141454
3810.451884
3822.601333
3841.589386
3849.982233
3872.293532
3890.914306
3902.009652
3903.503038
3931.268446
3956.958104
3959.523643
3959.756093
3990.700075
4014.254392
4021.695166
4024.375699
4052.851354
4070.906905
4082.800059
4114.239888
4125.874461
4146.090239
4158.869004
4177.719670
4180.883653
4210.619652
4234.999982
4240.936748
4273.555502
4293.039752
4304.927132
4343.535166
4359.157621
4397.928755
4425.467991
4428.698402
4453.984765
4460.987662
4490.482645
4524.021746
4557.945604
4563.843385
4586.612335
4617.553069
4619.283388
4627.293591
4649.281599
4673.876899
4680.216238
4694.380343
4711.846125
4728.291489
4742.939260
4761.369966
4783.181043
4804.401476
4827.292589
4835.036097
4838.930892
4866.782537
4893.921138
4896.393602
4927.368948
4947.609467
4959.018466
4960.946696
4991.856086
5054.799362
5059.117971
5084.569731
5095.704324
5114.564624
5115.533604
5161.987190
5170.386725
5175.682856
5206.653982
5225.700615
5230.357059
5236.724229
5268.626514
5279.484944
5300.514230
5331.945097
5334.564290
5363.032228
5365.566059
5388.181087
5391.451651
5443.099222
5452.652600
5483.354205
5499.234013
5514.312455
5543.912354
5555.226075
5565.059953
5575.131836
5605.624284
5631.355196
5634.576555
5662.266891
5666.741372
5699.447074
5716.351025
5727.779175
5757.680044
5771.835848
5819.807869
5826.475011
5834.910788
5882.017698
5883.382436
5913.033508
5937.803685
5943.367460
5992.149609
6036.511607
6036.754745
6046.351757
6067.074371
6099.333642
6100.694885
6105.874579
6129.255217
6154.726788
6160.949870
6173.900827
6191.527947
6207.890593
6241.697911
6261.727809
6285.231244
6307.833628
6317.281684
6318.027633
6370.757228
6375.834108
6384.284284
6417.417065
6425.825555
6442.254357
6448.504552
6479.454285
6482.287294
6508.391472
6509.449681
6537.228692
6540.171030
6575.687064
6591.226149
6641.719029
6648.279328
6705.008789
6707.614575
6760.519816
6760.695134
6774.971160
6814.049066
6823.710767
6854.408597
6867.859345
6908.141719
6917.123347
6922.410921
6974.173629
6976.417762
6979.291187
7030.921142
7041.132873
7076.132664
7085.995696
7108.742208
7109.320026
7142.103450
7174.119210
7177.059072
7196.472856
7205.452341
7237.363674
7250.421038
7267.610150
7297.586902
7304.572350
7312.726798
7328.386506
7360.607469
7360.642014
7390.802258
7416.247953
7419.886946
7446.394442
7450.750456
7471.926197
7513.446882
7527.021500
7578.076111
7580.605237
7582.616208
7609.309214
7638.036472
7639.361787
7647.754989
7668.251560
7691.231926
7698.787780
7714.669821
7729.704212
7744.780217
7761.304977
7782.466235
7794.451625
7825.459230
7850.239200
7856.542697
7856.850670
7887.385317
7911.916810
7918.660518
7950.048688
7966.587354
7984.479670
8011.267365
8021.738716
8042.849699
8051.184432
8073.186388
8074.640594
8134.660486
8166.175365
8185.907769
8186.150947
8196.581726
8228.347344
8242.186603
8259.785157
8291.162617
8297.239829
8320.083323
8323.035961
8352.253957
8354.450716
8385.429033
8386.024400
8417.249700
8447.368862
8450.776558
8478.417567
8518.686340
8573.091686
8575.431942
8584.290735
8605.506387
8651.669204
8667.032744
8696.958922
8759.647501
8785.331942
8790.742737
8821.038632
8850.837429
8882.581949
8913.820324
8921.405376
8944.576157
8974.969183
9036.243294
9054.901128
9065.262770
9069.540473
9121.477256
9132.578182
9176.097243
9188.067102
9229.488885
9254.529587
9256.297344
9282.811181
9286.999313
9316.833526
9321.417323
9379.494319
9388.966717
9391.446505
9410.461851
9442.337570
9446.147926
9457.441834
9471.981797
9501.825071
9523.354214
9556.485499
9590.109165
9597.134084
9657.001842
9689.726786
9721.919084
9752.960542
9776.488415
9783.922279
9791.193399
9815.228132
9830.147032
9846.230558
9856.966728
9874.876962
9923.196833
9937.671040
9937.678837
9990.819192
9993.070968
10000.576899
10031.685249
10046.257677
10061.950997
10127.919948
10155.445950
10155.771415
10187.061504
10194.143417
10211.898828
10218.380415
10249.740291
10268.897242
10281.944438
10311.377492
10323.320253
10328.254467
10342.186633
10373.402407
10377.347816
10394.274814
10406.431760
10432.024525
10436.871206
10462.791484
10485.784455
10499.767185
10529.365564
10530.182702
10540.147332
10595.899399
10596.504505
10620.481259
10649.808297
10650.215269
10663.151806
10679.924085
10703.480936
10710.125473
10730.235926
10760.209976
10772.833431
10796.295697
10802.543177
10833.461371
10862.770282
10871.226312
10893.313748
10924.828580
10926.218752
10928.469601
10956.911372
10980.199527
10988.161347
11018.762898
11033.977281
11049.265031
11064.390474
11078.816832
11090.572157
11108.632273
11131.089861
11138.502478
11145.998207
11170.215752
11198.451834
11200.748689
11230.133625
11262.381841
11265.047857
11310.716598
11322.348205
11355.126901
11364.893343
11386.828297
11418.097760
11420.116207
11465.386822
11475.640222
11532.050951
11545.516480
11586.735193
11600.299694
11607.382966
11639.344235
11641.954906
11665.862283
11671.058223
11696.432065
11731.050458
11735.417634
11766.523572
11796.450074
11797.787245
11827.749639
11858.552723
11859.551285
11891.311479
11911.621600
11952.237429
11967.354483
11982.950545
11997.403694
12013.080374
12021.494172
12043.665251
12064.828712
12075.321632
12076.323797
12105.152068
12135.491502
12167.534210
12185.077870
12198.686400
12228.887910
12240.841054
12264.841398
12292.952876
12295.685329
12325.592844
12331.436390
12351.758784
12398.523664
12407.332980
12417.373648
12462.369296
12464.458914
12509.673050
12517.751129
12529.406992
12541.106034
12571.435902
12573.204079
12598.182369
12605.902687
12625.407992
12665.108755
12668.039752
12681.209420
12698.570360
12730.486819
12737.129779
12760.785006
12792.705843
12798.493910
12823.222420
12848.475845
12853.869614
12863.966997
12904.479146
12913.882664
12930.030493
12944.966169
12975.669434
12997.399818
13064.038801
13066.036947
13067.952739
13096.649214
13122.671042
13125.926074
13128.787663
13157.163833
13176.613390
13189.034361
13221.307834
13231.017722
13281.690838
13285.958473
13341.844905
13344.970358
13376.310220
13397.482726
13408.396372
13464.487609
13470.546495
13503.081620
13508.204440
13535.622939
13563.623899
13599.885588
13616.822841
13660.783877
13665.366648
13673.815177
13693.160983
13722.231251
13728.059014
13752.334018
13783.995889
13784.371213
13799.486691
13813.677468
13867.174922
13878.823378
13895.705338
13934.361349
13940.991034
13949.634327
13973.744606
14003.073337
14036.266651
14060.116104
14065.620416
14070.733145
14097.162436
14116.172308
14137.998270
14157.822134
14170.831830
14189.321232
14220.507644
14225.593458
14250.226201
14272.790001
14279.777379
14281.332902
14338.918893
14342.650521
14373.802798
14391.565260
14404.657700
14404.944163
14435.507217
14445.735466
14500.393314
14555.183161
14561.000576
14590.398242
14603.370347
14621.137898
14665.422073
14670.504566
14715.943058
14721.161513
14745.417424
14774.620053
14775.579952
14835.792421
14867.429749
14870.192349
14886.169181
14898.092366
14928.396256
14936.046743
14958.664839
14988.192143
15003.670626
15019.767145
15050.325807
15070.498967
15080.901408
15105.758727
15111.337685
15136.871115
15141.769947
15160.404836
15172.066280
15201.753647
15202.834653
15233.769254
15269.858039
15269.886458
15298.115754
15323.796344
15331.172596
15336.170791
15379.751909
15402.125930
15425.203783
15436.176068
15455.708575
15469.829250
15486.365678
15490.417701
15517.515949
15536.593401
15547.353884
15578.534859
15603.244895
15608.172941
15639.766291
15670.344688
15671.575829
15702.532498
15708.326924
15732.229597
15737.797716
15762.420952
15763.776443
15795.742526
15806.414110
15816.416104
15826.984357
15857.958485
15871.511931
15872.898903
15889.296095
15920.325426
15926.644555
15937.803184
15951.609008
15983.139884
16005.473704
16012.869279
16038.562192
16072.672703
16073.559673
16105.273918
16136.456655
16140.786037
16149.653964
16166.975947
16197.671271
16203.896214
16208.858955
16228.503604
16258.140158
16274.611962
16289.215129
16311.916413
16349.538489
16366.518005
16409.433195
16422.219083
16475.142188
16477.861893
16478.120974
16509.370185
16532.855607
16542.326014
16572.616823
16588.179141
16604.601028
16609.163979
16636.979186
16642.789788
16667.992173
16677.311574
16696.387994
16696.847794
16727.592842
16742.919257
16750.701393
16791.598545
16805.676262
16811.595577
16822.635706
16853.643996
16860.299403
16883.517362
16915.907785
16944.814795
16970.112044
16976.556226
17006.749110
17012.841638
17037.538977
17069.392167
17078.280641
17098.581885
17130.435694
17134.809086
17144.572064
17159.310789
17190.431675
17190.465877
17219.691746
17246.047808
17251.089487
17281.251018
17301.738517
17312.383931
17341.983234
17344.811450
17355.677166
17372.016711
17404.797554
17410.603955
17410.936130
17436.932223
17464.006124
17466.602094
17478.876236
17497.455838
17528.215150
17545.483870
17559.623759
17577.361957
17613.491382
17622.498316
17654.139227
17680.168266
17686.882602
17717.172086
17741.310051
17746.148941
17748.842241
17778.659992
17797.395443
17810.277517
17812.219060
17841.602257
17902.173816
17906.348687
17932.808632
17946.271241
17963.240904
17994.112825
18012.308099
18053.899029
18074.368871
18113.744089
18129.828928
18142.544018
18146.630529
18172.797255
18202.745191
18239.997655
18264.117444
18295.162938
18295.894900
18325.949696
18347.667914
18348.462762
18357.383981
18388.564143
18419.790867
18450.420134
18457.605939
18481.520178
18482.763578
18512.635004
18513.045844
18545.832955
18548.864271
18567.300261
18577.701020
18607.500018
18615.847940
18622.230894
18676.751628
18683.646295
18731.013030
18733.203731
18750.454216
18762.469300
18789.244906
18793.092301
18815.759813
18824.434527
18853.954514
18883.834794
18884.466952
18898.697202
18914.366509
18949.983644
18977.112452
19007.546037
19017.655589
19039.419742
19065.352602
19068.442473
19098.758213
19122.391333
19130.863486
19149.364808
19161.790530
19177.877621
19216.736741
19226.403583
19231.925742
19283.443310
19284.588413
19286.005418
19340.491016
19350.743277
19351.722840
19383.923151
19394.237319
19413.728566
19419.397348
19443.934602
19449.740978
19476.457994
19486.359051
19503.525463
19505.920895
19552.980060
