44838
53003
59805
89791
119909
134694
179643
179860
184875
218224
224518
239924
269549
296820
300064
314542
359543
360084
404597
419979
449683
480153
494730
539784
540411
576209
584851
600449
619776
629812
660307
675024
700812
707521
715506
719868
720385
747329
765048
770058
780360
806279
809897
840400
854882
899833
900445
926618
944916
960266
989922
1020269
1035042
1079786
1080100
1124958
1140115
1164814
1170101
1200061
1215133
1232595
1260128
1260137
1297375
1303080
1305166
1310257
1320162
1350186
1380176
1395417
1426550
1440102
1440355
1485278
1500162
1530160
1560220
1566926
1575122
1620049
1620286
1646350
1665018
1680267
1710117
1740222
1741510
1755157
1776817
1789059
1800164
1800201
1811880
1845270
1852829
1860150
1890428
1920213
1930577
1935521
1937417
1980199
1980609
2025585
2040145
2070500
2100164
2115403
2160156
2160470
2205611
2215427
2220248
2250678
2261877
2280279
2295602
2340245
2340540
2354895
2385476
2400399
2400416
2416698
2429599
2430521
2460404
2475323
2479159
2501781
2517512
2520307
2520425
2521985
2565115
2580432
2604135
2610269
2611478
2640403
2655353
2657922
2660055
2700389
2700395
2712979
2745413
2760264
2790483
2797736
2820318
2835502
2844740
2850506
2880380
2880568
2925661
2940436
2970524
3000510
3015551
3032065
3060507
3060512
3105616
3120357
3150679
3180377
3195742
3200931
3240305
3240770
3285710
3300290
3330692
3348487
3360252
3363173
3375651
3385189
3420203
3420727
3424560
3465902
3480329
3487823
3507117
3510738
3540206
3555826
3581352
3600146
3600891
3646073
3660206
3691344
3720329
3721862
3736492
3780221
3781501
3783710
3826473
3840263
3871259
3900076
3916310
3929499
3939706
3960122
3961356
4006338
4020135
4051365
4080167
4096420
4140240
4141422
4167489
4174564
4186360
4200027
4231401
4249554
4259926
4276357
4279578
4319852
4321288
4350587
4366320
4379761
4411282
4439855
4445186
4456320
4500036
4501326
4530397
4546354
4558098
4560131
4591472
4620056
4636452
4648709
4680183
4681381
4700571
4709440
4726296
4740227
4771259
4800438
4816267
4849930
4860404
4861321
4906124
4920306
4922445
4951365
4980288
4996311
5040325
5041276
5076141
5083016
5086310
5100316
5131423
5160261
5176405
5190840
5220260
5221369
5262918
5266255
5280093
5311367
5340212
5356370
5400228
5401265
5414340
5446116
5448587
5455807
5460225
5491027
5516833
5520061
5535898
5580066
5580563
5593008
5615385
5625552
5639953
5670420
5700040
5715480
5760015
5760483
5805331
5820008
5850197
5861562
5879958
5895402
5911052
5940024
5940337
5985345
5999923
6026076
6030526
6042000
6054874
6059991
6075551
6094968
6100219
6119906
6120607
6165405
6179831
6210576
6239989
6242716
6255434
6300027
6300538
6322181
6345533
6345786
6360223
6390422
6420013
6435439
6463183
6470930
6480154
6480464
6525443
6538458
6540340
6570382
6600565
6615492
6660472
6660515
6705429
6720636
6739829
6750413
6780557
6795442
6840411
6840489
6885500
6900393
6930554
6960284
6975566
7001934
7020278
7020409
7031451
7065508
7080276
7110634
7122493
7140209
7155594
7200251
7200775
7218602
7233308
7245841
7260163
7290861
7293003
7320015
7335964
7370905
7379893
7380926
7425876
7435759
7439810
7470893
7473681
7478634
7499813
7516080
7526403
7559668
7561184
7606117
7619622
7633341
7643083
7651058
7679558
7696225
7735378
7739787
7741274
7786153
7793149
7799889
7818205
7818403
7831258
7859736
7876271
7917684
7919581
7921245
7966325
7979566
7985461
7994886
8011261
8039451
8055986
8099435
8100953
8125312
8127021
8146047
8159375
8164895
8190913
8200355
8212152
8219454
8223441
8235988
8279423
8281023
8294324
8294573
8326023
8339482
8365680
8368556
8371123
8399418
8416227
8459700
8459967
8461149
8506189
8519719
8551086
8558145
8579588
8596128
8639580
8640991
8685739
8699443
8705144
8730891
8759386
8775953
8815123
8819395
8820980
8865927
8879431
8910974
8926033
8930627
8939412
8956075
8969538
8985339
8999396
9000997
9044708
9046071
9059481
9091124
9119466
9136234
9179321
9181146
9193246
9195993
9225990
9239311
9270798
9299221
9315716
9359101
9360662
9405560
9411087
9414126
9419097
9434572
9450734
9474566
9474832
9479245
9495475
9539434
9540504
9544976
9585458
9599417
9630393
9659497
9675329
9719613
9720281
9765228
9779659
9810259
9839577
9855247
9867005
9899621
9900204
9913514
9919981
9945302
9959783
9990367
9996729
10019821
10025903
10035517
10079698
10080716
10125682
10139897
10163727
10170631
10199831
10215667
10259796
10260720
10305707
10317501
10319891
10321397
10350594
10379818
10395434
10398953
10408723
10439950
10440593
10471573
10485579
10500161
10530507
10560102
10568906
10575564
10591172
10613942
10620063
10620592
10665687
10680092
10695494
10710719
10736050
10740059
10755693
10767415
10800086
10800745
10828630
10845736
10860078
10890816
10920024
10935863
10957612
10980050
10980876
11025859
11040061
11052477
11070781
11073277
11100095
11115839
11128410
11160212
11160833
11205783
11215976
11220113
11221698
11229888
11250954
11251051
11257425
11280071
11295777
11320109
11339970
11340739
11347789
11385666
11399814
11430731
11435133
11437132
11455506
11459813
11475698
11519686
11520639
11565666
11575211
11579574
11610665
11620759
11639395
11655638
11661288
11699486
11700715
11701531
11745716
11759641
11790740
11819576
11835146
11835859
11879593
11880886
11889136
11925959
11939678
11965357
11970906
11990578
11999689
12003598
12015992
12059773
12060879
12105852
12119855
12121411
12124635
12149621
12150933
12179984
12192151
12195930
12240046
12241006
12249409
12285970
12300119
12331002
12360145
12360278
12375875
12420256
12421043
12466187
12480180
12511154
12540108
12556089
12587346
12600090
12601039
12629571
12646100
12659917
12691068
12719964
12736059
12779906
12781083
12818310
12825900
12826014
12839898
12871128
12899732
12916250
12959752
12961268
12988671
12994067
13006248
13009770
13019803
13051439
13078427
13079843
13096467
13139751
13141473
13156785
13186533
13199724
13224616
13231429
13253513
13259694
13275556
13276314
13319726
13321105
13339853
13366049
13375435
13379481
13411080
13439562
13456050
13457666
13475326
13499434
13500915
13531103
13545983
13559499
13591071
13595218
13619708
13636039
13647033
13673835
13679741
13680999
13723414
13725938
13739749
13770911
13799817
13808301
13815884
13859943
13860823
13906019
13909636
13919995
13929082
13951277
13979957
13996384
14004409
14039902
14041314
14086311
14100056
14131255
14160021
14176080
14202175
14216292
14219949
14220938
14266115
14279818
14289326
14311143
14339851
14341875
14356174
14399864
14401125
14438509
14438577
14446000
14460024
14491091
14500520
14520098
14536008
14580084
14580772
14625568
14640178
14670529
14700416
14715602
14731930
14760447
14760589
14805667
14820346
14850529
14880330
14895384
14900278
14927550
14940391
14940439
14985601
15000326
15030571
15060372
15075534
15083443
15120513
15120659
15165686
15180630
15210641
15240665
15243962
15255437
15300496
15300516
15340396
15345472
15360360
15390559
15402165
15420203
15435486
15476592
15480196
15480602
15502452
15524862
15525464
15540228
15549878
15570327
15600300
15608336
15610784
15615213
15642619
15660185
15660252
15705229
15717943
15720069
15729852
15750273
15780170
15781510
15795278
15795742
15840104
15840487
15885563
15885608
15891211
15900208
15919674
15925706
15930470
15943779
15960161
15975501
16020116
16020566
16065648
16079819
16080107
16110720
16140154
16155804
16200368
16200821
16245666
16260265
16290602
16308010
16320165
16335409
16374076
16380141
16380368
16425378
16440123
16458139
16470206
16500054
16500721
16514920
16559745
16560014
16604710
16619963
16649830
16680039
16694783
16710876
16739812
16740156
16784713
16800260
16829630
16860345
16874512
16919544
16920482
16923724
16964442
16975871
16980540
16988359
16991481
17009452
17009982
17040297
17054397
17078011
17089210
17099565
17100375
17144630
17155862
17160443
17189639
17215732
17220541
17234789
17279243
17279691
17280512
17324615
17328447
17339772
17340725
17349276
17369551
17400635
17414623
17446168
17459757
17460702
17504682
17520587
17547466
17549509
17580660
17594527
17639574
17640727
17668501
17684657
17700801
17707436
17729560
17760923
17774638
17819890
17820797
17831726
17864942
17880806
17909886
17940668
17954838
17999874
18000745
18044753
18060773
18089739
18120810
18134742
18137911
18148110
18157822
18179741
18180935
18183089
18224791
18240923
18269848
18271715
18300916
18314750
18337507
18359778
18360748
18360955
18400470
18404671
18420907
18449552
18481101
18483002
18494625
18515145
18539555
18541179
