29.529193
34.127100
40.424793
59.904944
69.005706
82.347471
91.748241
104.289494
123.197805
123.670087
140.358656
154.752981
165.039148
215.887052
218.658512
249.557469
250.950029
252.967715
283.651275
291.536450
292.371878
330.046668
335.021376
377.934867
383.587251
417.299112
420.339239
444.787879
450.722661
462.782420
484.338690
505.415811
518.998885
521.897930
548.112178
553.894145
560.962154
588.688927
590.467353
599.648499
623.125220
632.680629
638.044864
657.984743
675.021505
677.846129
693.028481
716.154061
717.890480
728.067353
756.301413
759.727788
795.420241
797.670805
800.839190
833.354432
842.580883
867.552780
872.968365
884.166542
911.147023
925.909938
935.712784
949.259306
966.614017
970.009030
1004.767795
1007.451153
1023.436923
1039.257200
1046.877176
1060.948462
1097.673022
1107.726884
1126.660917
1134.157131
1142.748480
1165.154699
1176.973490
1204.372420
1210.336023
1242.879785
1276.851746
1281.647380
1308.580646
1309.968974
1319.237487
1342.999119
1343.106990
1356.929720
1375.968353
1408.037895
1409.962166
1431.045845
1440.232194
1442.541470
1466.952091
1472.366313
1503.406135
1504.093976
1507.715931
1539.071610
1566.341658
1571.188891
1577.620723
1602.996285
1614.858434
1627.000525
1635.167406
1652.839606
1657.305711
1687.353237
1690.511824
1697.323579
1728.344362
1728.885699
1745.697699
1759.799613
1767.087068
1774.495735
1790.798481
1802.946751
1805.359261
1822.113399
1831.422326
1843.812190
1853.433460
1858.950717
1883.444786
1884.321549
1885.866507
1912.283118
1915.067738
1922.493057
1939.341959
1946.082668
1961.886676
1966.594765
1978.697307
2002.413227
2011.396293
2019.944319
2042.955876
2043.700869
2046.140020
2072.103232
2076.047733
2083.971030
2097.086671
2123.590260
2124.895449
2141.306784
2149.444897
2167.340133
2174.218412
2174.901416
2198.944683
2208.825710
2223.866532
2242.455649
2248.796090
2252.189617
2273.658121
2277.109141
2293.547373
2312.514738
2323.986234
2336.822679
2347.147051
2349.476899
2374.099942
2379.540749
2382.977403
2398.968845
2418.247853
2422.791721
2424.254294
2449.617613
2453.701733
2465.721643
2508.814482
2527.035643
2551.582289
2552.144209
2565.222387
2594.899034
2602.906223
2629.772640
2640.303140
2677.429903
2679.436693
2683.582004
2710.256981
2722.325202
2737.630751
2753.772896
2765.955801
2792.701333
2807.466500
2820.601328
2831.758137
2870.441046
2890.181310
2906.045458
2909.116821
2930.652028
2935.539794
2948.422413
2965.758336
2971.590756
2987.951213
2995.356433
3025.320966
3026.183080
3051.690411
3055.243384
3065.542133
3084.543964
3090.817138
3104.227915
3115.005161
3130.429462
3143.069411
3146.761082
3168.885107
3177.476781
3181.136318
3207.135356
3208.839609
3219.453895
3241.556461
3244.776753
3257.977361
3295.293353
3306.068394
3321.554128
3369.962566
3371.628923
3395.603229
3404.982299
3433.488644
3438.031387
3443.275304
3470.368081
3471.982332
3479.422053
3506.529750
3515.238912
3540.671197
3544.840067
3550.292031
3575.488571
3584.935817
3610.298696
3620.550765
3645.935521
3654.867762
3656.894316
3680.744967
3694.998979
3714.986208
3722.043171
3750.228480
3756.247693
3770.581509
3785.087633
3790.040658
3808.595757
3822.156344
3846.350609
3854.303204
3855.205461
3885.491604
3887.120343
3889.428122
3923.346519
3950.173357
3959.773330
3962.778558
3982.041653
4002.993269
4013.289576
4029.133622
4042.764006
4044.454357
4063.896414
4074.791390
4082.984541
4097.846689
4105.757043
4124.031528
4132.241022
4136.942941
4164.820348
4167.770784
4198.903672
4200.776816
4206.826303
4230.323957
4234.561869
4249.055468
4267.738143
4291.924827
4293.798164
4301.092458
4324.814672
4333.987075
4334.394669
4357.043109
4366.981439
4377.179938
4389.085791
4399.449927
4419.458305
4421.114447
4453.827609
4462.276927
4463.475198
4488.150102
4494.303039
4506.053771
4521.638490
4525.398550
4548.872700
4555.740530
4555.911298
4586.003657
4589.906684
4592.221662
4616.557512
4635.279999
4646.738851
4659.676674
4676.602703
4677.434279
4706.290481
4720.294925
4730.984550
4734.740823
4762.623946
4763.083988
4767.527430
4791.696767
4840.778287
4846.914168
4848.243677
4876.781408
4878.165698
4888.068078
4904.988372
4915.546093
4930.125303
4953.249527
4958.089619
4970.963087
4984.855354
4990.782888
5011.258221
5011.450666
5028.697922
5036.190729
5050.955636
5061.925082
5067.535218
5087.529953
5089.690104
5113.215423
5129.560713
5138.871733
5144.905805
5164.071697
5183.702425
5189.485026
5207.892417
5221.722174
5238.946190
5246.124864
5260.785204
5263.626764
5283.561135
5288.498924
5300.504154
5314.055820
5320.709697
5339.166548
5339.343694
5359.111860
5364.545190
5377.766731
5396.297053
5414.256077
5416.114626
5433.368719
5439.850025
5455.384430
5464.778538
5469.841587
5490.298064
5494.619705
5506.706328
5515.360532
5533.417384
5540.226302
5566.368132
5571.642276
5581.238214
5592.506343
5618.783422
5619.341489
5645.535150
5647.130244
5656.101145
5672.860662
5684.850974
5700.760477
5722.505733
5727.574072
5730.677025
5754.889479
5759.398285
5768.552720
5782.676210
5795.839337
5806.298294
5810.997342
5832.230339
5839.629579
5846.022365
5867.974051
5885.788443
5897.824445
5903.723853
5925.120399
5927.193211
5938.937752
5957.111622
5964.177040
5973.776674
5987.584011
6004.296594
6006.231179
6044.840415
6047.830378
6073.209714
6079.598281
6110.511173
6126.440989
6139.049614
6142.962192
6171.390809
6174.026568
6203.898356
6207.191407
6208.717438
6236.185163
6239.235727
6249.956300
6272.020547
6292.195517
6300.454241
6303.942224
6331.802444
6334.049492
6337.652430
6362.369551
6371.655484
6377.090552
6394.226235
6405.371460
6420.486162
6425.075045
6438.440514
6456.180958
6463.652580
6472.904951
6487.130225
6507.565607
6541.839683
6550.246354
6575.918751
6581.496042
6592.995757
6610.551175
6612.693949
6636.346849
6643.863207
6644.606116
6678.730082
6706.879416
6721.099971
6738.035687
6749.391223
6762.910607
6769.968859
6784.668169
6801.970349
6804.566460
6834.684424
6855.974708
6887.768071
6890.119699
6902.677448
6925.749713
6928.660978
6960.605445
6970.689623
6995.456737
7005.212288
7010.094053
7030.215871
7041.084003
7050.234887
7064.343342
7077.151262
7098.569801
7113.324987
7127.833747
7149.815488
7166.361170
7167.102134
7185.180401
7200.711574
7206.085328
7223.595414
7234.297857
7245.255934
7267.088607
7297.928619
7300.041729
7320.537434
7333.118739
7335.807356
7357.954920
7365.677204
7374.134616
7394.697283
7398.900683
7412.715582
7431.637035
7463.610012
7468.353014
7490.259120
7496.148893
7526.908245
7528.566025
7542.319426
7567.265536
7588.212916
7616.578559
7618.116947
7645.169219
7648.290435
7654.150998
7677.913075
7685.462024
7691.916763
7707.622316
7724.314177
7728.892510
7737.483718
7763.183596
7766.131100
7766.945600
7794.768089
7801.611102
7805.365677
7823.235261
7839.831379
7843.509229
7850.623978
7881.612667
7905.823093
7916.928179
7921.094616
7932.754474
7954.676718
7959.141682
7960.897557
7985.405995
7993.206416
8001.157210
8030.151325
8063.143882
8067.313704
8082.691751
8115.596025
8123.773938
8138.980499
8165.055991
8166.463955
8191.821886
8206.620316
8216.354155
8240.722467
8244.443947
8248.534133
8266.189130
8279.231860
8291.192393
8291.579323
8314.383330
8315.665104
8340.274483
8347.813051
8365.553416
8375.995437
8381.263862
8414.415471
8415.588051
8418.856620
8440.697452
8446.716107
8461.901800
8465.527517
8479.004447
8491.718526
8517.670974
8543.342219
8543.516143
8548.121750
8569.188223
8590.903962
8595.294081
8607.431806
8622.237303
8634.498742
8670.487321
8676.205390
8677.347662
8701.695498
8703.242430
8719.729963
8730.199975
8757.891561
8763.979332
8785.755815
8803.349923
8813.576704
8841.950549
8845.508327
8857.801396
8870.672037
8887.626791
8889.103130
8898.751745
8920.391884
8927.548663
8928.988403
8952.199636
8970.259115
8983.666406
9016.496567
9017.975181
9048.513981
9049.412468
9051.302094
9080.250765
9082.293079
9090.952215
9110.988435
9115.191742
9130.980896
9142.385100
9147.183552
9169.552942
9174.302756
9179.749720
9206.193721
9208.722767
9238.927958
9247.538973
9271.630251
9282.393907
9316.701135
9321.778413
9336.531279
9351.559671
9358.907755
9368.979921
9386.597581
9402.738907
9421.296860
9433.528735
9436.543432
9456.774057
9494.023875
9503.408358
9507.576291
9537.060497
9566.555648
9571.821489
9604.401952
9606.299735
9618.292600
9641.236739
9642.007454
9675.304888
9694.169128
9709.543530
9718.794965
9731.303826
9744.132427
9758.298453
9769.191941
9796.790079
9806.629950
9814.533307
9835.874791
9849.284665
9874.344992
9885.030345
9913.160609
9924.358285
9951.784260
9954.602248
9964.726130
9989.883222
9990.236700
10004.234375
10029.910592
10044.158394
10059.075351
10069.170595
10092.970435
10108.174834
10125.301617
10127.790380
10146.554801
10161.596474
10166.872004
10185.071370
10195.236476
10208.520498
10223.721888
10229.431269
10251.147840
10261.474706
10262.887458
10293.066823
10296.241350
10299.327564
10328.972101
10334.603573
10336.180502
10360.835467
10373.251030
10378.681013
10392.468386
10409.920063
10421.770878
10424.855750
10446.345113
10456.727813
10464.982625
10481.996760
10487.979154
10508.241849
10517.401128
10519.318709
10550.649693
10551.518467
10581.926294
10588.155479
10594.923763
10611.956364
10621.601981
10637.916847
10643.234475
10656.744742
10672.441677
10690.065643
10702.215405
10723.245646
10724.134706
10731.313555
10758.472218
10760.359515
10788.988047
10791.698290
10807.658256
10817.488797
10823.283399
10845.294045
10849.768266
10855.404124
10873.030597
10887.126838
10891.072725
10900.505617
10918.772347
10927.514881
10932.446456
10950.306939
10954.403004
10981.397053
10982.674734
11008.206021
11013.177558
11013.382818
11034.699121
11044.588197
11053.239668
11086.451876
11092.836800
11106.204931
11112.580781
11132.095352
11136.829312
11138.645359
11168.340302
11190.248504
11199.195549
11209.609839
11215.537843
11230.473942
11240.933760
11247.136041
11261.321761
11265.751251
11284.648920
11290.437613
11292.972315
11323.444325
11325.046683
11341.109894
11356.866696
11359.874881
11366.110893
11388.599528
11391.923632
11396.825914
11416.844481
11421.702369
11433.868112
11442.798148
11455.118844
11468.776918
11470.137195
11488.626897
11494.773264
11507.298945
11520.447679
11522.639266
11544.226236
11547.136113
11573.514571
11581.812583
11589.924812
11619.579104
11623.585816
11652.650404
11656.771413
11658.222413
11693.467317
11693.768503
11706.800518
11729.208124
11731.741077
11733.819050
11761.410497
11765.729180
11788.146670
11802.614119
11808.429304
11816.206917
11840.029197
11844.540012
11847.367423
11873.695905
11876.991582
11885.358666
11915.102110
11924.689648
11933.007389
11952.508459
11963.166190
11964.426676
11990.730368
11992.735199
12044.267712
12054.479457
12067.370111
12085.388825
12106.603923
12126.272834
12147.734882
12168.697655
12179.540642
12209.698461
12211.991738
12223.624604
12244.537259
12251.916181
12263.065011
12276.854208
12292.958812
12302.677348
12308.952355
12335.509493
12342.033226
12342.338832
12378.022400
12410.557522
12420.101020
12444.540706
12457.773545
12462.894098
12478.497181
12496.182552
12505.042230
12512.262876
12534.089398
12546.086531
12547.769125
12571.825378
12580.804447
12590.541182
12609.378158
12614.734599
12633.063431
12675.538157
12682.606809
12685.301062
12717.524083
12722.064187
12752.104917
12758.674392
12787.598230
12794.875810
12803.504635
12822.150545
12830.480089
12845.202952
12857.617697
12886.914693
12892.469480
12902.285462
12927.175845
12936.279660
12970.990089
12997.259387
13005.335399
13008.734059
13031.616604
13048.351665
13071.164724
13088.645832
13100.187780
13128.483874
13136.623587
13167.047396
13169.351305
13169.729806
13203.535628
13204.898578
13233.846115
13236.997332
13265.606798
13281.495845
13302.705557
13319.788619
13327.446793
13335.891758
13358.077377
13358.541253
13368.665545
13390.064490
13395.507237
13401.288331
13421.128106
13432.277678
13433.979086
13465.718847
13469.214443
13482.136820
13497.690268
13505.807762
13513.153907
13529.282202
13542.947011
13544.731501
13560.330296
13576.298625
13579.600762
13591.101578
13608.151909
13615.882924
13639.374615
13651.994115
13652.264154
13681.412222
13690.620040
13703.926455
13711.601668
13728.460331
13736.860391
13740.808851
13766.659385
13769.809069
13798.389402
