38845
45109
59968
72151
72197
90121
102428
119887
135122
164534
179765
180260
193326
225286
232564
239786
270425
299853
315515
340399
359693
360392
362267
376378
405505
411925
419643
450616
456695
479636
481135
492003
495646
496490
537862
539591
540742
585674
585755
599606
624174
628091
630684
644424
659840
675709
698179
719858
720693
765761
779877
806908
810824
839808
855811
882671
899785
900965
944208
945942
956623
959832
991011
1015460
1019806
1028407
1036106
1058566
1059512
1069197
1079940
1081107
1101203
1106995
1125968
1139983
1170964
1172790
1199836
1215844
1259837
1260480
1260812
1282477
1305942
1316481
1319920
1350939
1379863
1395883
1422649
1439844
1440916
1441046
1457397
1478487
1485991
1499712
1519297
1530948
1559698
1575748
1598880
1601152
1619828
1620605
1622001
1665604
1679808
1700611
1710437
1739889
1755454
1779763
1794522
1799880
1800339
1800959
1808838
1845489
1859927
1882222
1890538
1917161
1918833
1919771
1935617
1979987
1980712
1987014
1998958
2025637
2040117
2070644
2100163
2115791
2134882
2136618
2160351
2160772
2205766
2210405
2220282
2250648
2280310
2287542
2295590
2307439
2325660
2340462
2340498
2348184
2364894
2385495
2400432
2430396
2431673
2460497
2475350
2494634
2520457
2520526
2565478
2580581
2610369
2640568
2640629
2655546
2699565
2700526
2700565
2745691
2760467
2760706
2790551
2820554
2835185
2835468
2835916
2840832
2879481
2880414
2880647
2896835
2925197
2940514
2970168
3000440
3015174
3031096
3060387
3060434
3105554
3120504
3140370
3150461
3180484
3195590
3240355
3240609
3278825
3285646
3300353
3319630
3330436
3330875
3360147
3375529
3392339
3420178
3420434
3454805
3465320
3480326
3510246
3540150
3553195
3555302
3583148
3587751
3600105
3600340
3639769
3645389
3659925
3690407
3719886
3735599
3738290
3779919
3780597
3805890
3823565
3825717
3839765
3870681
3899765
3915675
3936934
3959692
3960673
4005775
4019696
4050702
4079714
4095781
4102871
4126679
4139715
4140912
4185823
4199547
4209049
4215035
4230749
4259530
4261127
4275610
4319596
4320630
4365753
4367680
4373196
4379527
4410617
4435693
4439616
4455617
4465883
4499515
4500555
4502443
4506740
4516435
4545724
4559631
4574019
4578499
4590749
4591788
4602092
4619548
4635628
4679626
4680631
4725686
4739654
4770795
4799793
4815761
4859857
4860882
4870254
4870298
4905864
4919994
4925526
4950800
4979877
4995923
5023495
5032765
5039900
5041064
5086027
5100004
5120886
5131104
5160048
5176318
5220019
5221335
5248486
5266532
5280028
5296582
5311546
5311776
5339967
5356621
5368024
5400045
5401672
5446681
5460044
5487227
5491711
5501812
5512384
5520028
5526317
5536625
5544997
5579944
5581708
5581777
5609436
5626904
5639913
5671917
5699750
5716872
5730715
5733265
5759837
5761694
5782848
5806692
5819914
5851631
5880031
5896686
5910515
5916453
5940120
5941798
5965436
5971105
5986644
6000355
6002109
6031701
6060088
6076498
6079996
6080689
6120030
6121548
6125737
6166505
6180052
6189540
6211368
6218515
6220274
6230279
6240080
6256388
6273835
6280316
6288530
6300216
6301403
6302623
6304007
6346419
6360411
6391355
6415937
6420309
6436405
6453391
6480424
6481408
6493809
6495370
6526415
6540418
6564830
6571301
6600416
6616451
6660124
6660395
6661441
6704224
6706418
6720428
6736458
6751532
6778294
6780351
6796555
6827117
6840295
6840425
6841507
6864446
6879827
6886373
6887358
6900375
6916619
6931336
6940227
6960319
6962622
6971486
6976365
6995365
6996849
7020254
7021409
7027002
7066332
7080311
7092391
7102473
7111309
7140315
7156287
7171374
7173234
7200389
7201188
7201391
7227593
7245975
7260679
7287628
7290954
7320652
7335916
7380738
7381006
7400155
7406424
7425966
7429449
7440886
7451746
7460022
7471081
7474522
7500868
7516032
7557668
7560786
7561065
7606055
7620670
7651094
7680897
7696334
7714352
7719172
7740749
7741305
7773608
7786501
7789969
7800700
7804858
7831584
7860648
7876687
7901564
7914247
7920731
7921563
7966464
7978552
7980748
8011432
8040726
8049843
8056448
8100759
8101255
8101572
8110797
8122450
8146130
8146668
8156165
8160815
8191077
8220694
8229706
8236144
8260392
8280781
8281118
8326113
8335452
8340909
8371205
8378924
8398906
8399816
8400831
8414694
8416185
8460946
8461125
8480199
8506232
8520927
8551115
8580911
8596338
8640828
8641335
8647750
8686384
8700653
8731260
8760547
8776175
8818903
8820602
8821218
8822085
8866229
8880462
8911121
8940437
8956242
9000598
9001171
9046091
9048984
9057099
9060600
9091015
9120639
9135877
9170053
9180556
9180769
9183660
9216250
9225737
9238856
9240644
9270682
9280987
9296012
9297019
9300770
9315652
9345046
9347745
9360780
9360875
9366681
9382503
9388903
9405833
9420854
9434371
9450846
9480794
9495880
9510911
9540725
9540913
9545089
9585967
9600744
9604566
9631007
9641021
9660671
9676126
9720658
9721117
9763272
9766188
9773998
9780624
9811097
9838556
9840573
9856096
9900490
9901023
9934498
9946088
9960434
9991148
10008351
10020418
10036071
10076351
10080457
10081126
10126179
10140399
10171168
10200521
10202077
10215992
10260575
10260953
10267079
10274569
10295926
10305972
10320729
10330198
10350952
10370393
10380798
10395961
10414242
10440651
10441122
10453687
10477760
10486017
10500652
10530951
10543504
10560557
10565751
10571965
10576137
10620515
10621201
10666129
10680600
10706856
10711262
10725475
10727141
10740695
10751350
10756305
10771555
10793597
10800745
10801248
10825955
10846372
10860711
10891473
10920487
10936448
10957478
10966926
10980621
10981426
11020581
11026572
11040525
11071676
11100557
11106903
11116531
11157319
11160400
11161564
11190468
11206494
11220359
11244009
11251529
11280250
11296417
11340157
11341508
11386446
11400148
11431340
11460086
11476268
11479137
11520300
11521426
11538762
11541653
11566412
11580586
11590069
11611365
11640500
11656365
11693654
11700501
11701331
11746312
11760551
11791305
11820368
11823998
11833770
11836338
11880413
11881316
11887411
11889766
11904462
11926288
11940432
11971389
12000447
12016467
12050100
12060387
12061503
12098812
12106397
12120432
12122217
12151477
12171905
12180373
12196603
12198597
12224096
12240509
12241439
12286467
12299041
12300591
12331558
12360526
12366134
12376515
12388491
12400014
12420625
12421422
12456851
12466414
12470624
12480534
12511296
12540525
12552403
12554538
12556345
12600555
12601339
12646370
12650797
12660765
12664919
12691459
12720780
12736526
12780781
12781517
12792623
12826550
12840784
12854333
12871541
12876873
12900730
12904453
12913583
12916516
12919453
12952727
12960790
12961583
12989849
13006521
13020733
13051448
13080699
13096460
13096514
13107387
13140742
13141776
13147316
13186848
13200156
13200803
13231836
13232593
13260553
13276849
13320643
13321871
13366885
13372919
13380581
13411805
13420508
13430591
13440560
13456918
13469873
13500645
13501915
13517532
13546910
13560587
13591839
13596846
13620646
13628982
13636960
13652551
13680760
13682104
13688750
13727083
13740848
13749346
13772182
13773705
13799129
13800631
13817070
13860667
13862239
13865308
13904538
13907126
13920596
13921227
13927245
13952262
13980532
13997227
14002479
14040299
14040394
14042380
14056641
14087158
14100367
14132149
14160265
14170153
14177403
14196336
14211678
14220354
14222338
14267314
14280512
14305913
14312402
14322133
14340434
14357394
14379359
14400382
14402277
14447512
14460436
14481289
14492706
14515182
14520253
14537470
14580253
14582468
14627469
14635902
14640148
14642053
14672501
14700241
14717389
14744879
14760322
14762379
14768963
14778295
14807359
14820393
14826645
14837887
14852192
14865250
14880373
14897110
14904665
14940210
14941987
14951947
14986810
14998340
15000287
15014762
15031588
15060468
15071461
15076503
15108818
15120410
15121598
15128408
15166615
15180563
15211712
15240715
15251527
15256116
15256730
15299445
15300750
15301931
15346853
15360827
15370672
15391899
15405189
15420843
15437150
15480945
15482188
15527240
15540912
15572472
15582547
15600842
15617638
15627925
15637795
15660919
15662699
15665136
15703715
15704022
15707711
15721058
15745808
15752645
15781034
15797476
15806378
15828138
15840941
15842377
15862417
15879510
15887495
15889603
15900964
15923850
15932400
15955034
15961049
15977552
16020115
16021167
16022501
16063722
16067502
16081126
16112459
16141170
16157623
16201330
16202574
16247815
16257990
16261130
16292719
16296996
16321223
16337771
16380995
16382771
16423091
16427662
16440886
16472600
16489537
16500707
16517651
16560799
