14.705684
27.185608
50.864536
62.880715
108.124951
159.734371
163.637183
227.390640
239.789738
295.439159
300.139216
346.807492
372.126244
382.694982
385.888782
422.230577
463.791622
472.538933
480.467863
499.529770
536.298133
555.733482
562.467528
573.866819
583.673197
604.687435
624.648490
639.967799
658.196253
704.707087
709.869751
748.003226
778.804761
785.312517
843.007231
860.656441
922.220647
935.619724
950.979914
964.224817
971.820954
976.813389
1011.984060
1016.827213
1030.603355
1055.584501
1085.362690
1109.778553
1111.000750
1123.557720
1159.513377
1173.035728
1218.998753
1301.258177
1314.817349
1323.744461
1387.862328
1407.849517
1413.376758
1425.908169
1440.367476
1477.172894
1480.914949
1486.071939
1499.751669
1523.597230
1536.079090
1553.404762
1578.653145
1643.074514
1718.103129
1725.113509
1744.301440
1781.718347
1864.066648
1875.144004
1896.066373
1901.398919
1911.692227
1954.348781
1959.180670
1974.221614
2005.338041
2024.891509
2058.501033
2060.080228
2070.457427
2105.038931
2110.942554
2123.641227
2162.628236
2195.709885
2241.993950
2291.598708
2335.893867
2366.462431
2426.649415
2427.500157
2440.564885
2470.114505
2474.763784
2493.546912
2523.146454
2529.820334
2577.173587
2583.447120
2607.182351
2619.924560
2654.727841
2676.513030
2712.803046
2836.724243
2842.620055
2885.553041
2899.128355
2914.143257
2955.804579
2977.409988
2991.013606
3027.035052
3043.832065
3099.207893
3163.394188
3176.540806
3181.812398
3210.554970
3269.078456
3271.928556
3306.896775
3331.551105
3345.167084
3357.732866
3375.128080
3391.615714
3426.437662
3439.855562
3487.755376
3523.813074
3530.285708
3536.826543
3572.400314
3628.944282
3635.080221
3637.538074
3707.380666
3720.862764
3721.275593
3746.573346
3757.275303
3761.588334
3782.025191
3799.014656
3815.092205
3825.879464
3879.587400
3895.341188
3921.937754
3944.784697
4002.163281
4006.515740
4017.031018
4081.945796
4106.037355
4128.333935
4191.414042
4215.768173
4250.169777
4258.641795
4305.290004
4311.630167
4344.437898
4360.515584
4379.610310
4405.847541
4437.756568
4448.333902
4463.893325
4475.030224
4534.600085
4554.348686
4565.101948
4610.479653
4644.156172
4659.837131
4667.329042
4682.879459
4716.660434
4721.539332
4741.506782
4776.071384
4791.152068
4792.951478
4804.724971
4846.824913
4851.618413
4920.694019
4933.234904
4978.289881
5000.424142
5033.623233
5067.721564
5090.727715
5117.529880
5150.157728
5154.136431
5200.641821
5244.311125
5253.063691
5256.039618
5317.249004
5321.389611
5332.716820
5346.213979
5383.118055
5395.387774
5406.199000
5440.891827
5478.617129
5512.717627
5530.535416
5562.106545
5570.149788
5616.330500
5630.995327
5634.754782
5673.263547
5674.894806
5692.526296
5726.791639
5728.832908
5744.143885
5792.664984
5796.265531
5803.791777
5882.608936
5886.804827
5933.353646
5949.922446
6078.724425
6101.378737
6103.547331
6168.599154
6194.261113
6247.238126
6253.313122
6261.290296
6261.972102
6322.182518
6344.396098
6353.228147
6397.333888
6432.741298
6442.323540
6446.370572
6482.178651
6483.170223
6542.167653
6544.876284
6556.764425
6591.134977
6593.882573
6624.731623
6637.511255
6645.887127
6646.608405
6708.410546
6715.068650
6726.125455
6800.896715
6801.952043
6814.235532
6902.249307
6951.849416
6978.302161
7022.943590
7034.156414
7057.144210
7062.234241
7089.928891
7110.700451
7117.581388
7219.372596
7246.026227
7327.888792
7369.847122
7404.037836
7418.656107
7445.527778
7458.101845
7481.820464
7504.860206
7526.504091
7534.012551
7544.435986
7547.898974
7580.145564
7583.814137
7599.956953
7642.233312
7671.368606
7712.181992
7736.377717
7759.159834
7771.472390
7790.565250
7829.969047
7879.912400
7925.048114
7940.252793
7958.563451
7983.412801
7984.208506
8014.946667
8036.486006
8078.676054
8097.557923
8140.833600
8149.071396
8197.155017
8246.396317
8274.956774
8287.662201
8322.105613
8358.684612
8377.384561
8392.493857
8435.674204
8460.808793
8487.217843
8498.276238
8548.067900
8552.332188
8558.808745
8619.161443
8622.354269
8638.156241
8686.380896
8708.461478
8742.638388
8787.431009
8809.291922
8813.276573
8819.227383
8831.476203
8848.959384
8865.839308
8894.216853
8922.290490
8926.923094
8949.576754
8965.835720
9012.836048
9015.831217
9022.556929
9049.856109
9083.250773
9095.943627
9105.036636
9181.304333
9185.240777
9228.036327
9251.505850
9285.045078
9313.104663
9359.193707
9363.293044
9375.345769
9409.370080
9415.399610
9418.102459
9455.563264
9508.129944
9539.955179
9551.856961
9552.571737
9575.384762
9585.689069
9632.870983
9642.821584
9658.794577
9724.139053
9738.127496
9749.238877
9758.445673
9773.204761
9785.108393
9829.599187
9830.027182
9909.128478
9912.911546
9947.530093
9956.931222
9965.860384
10015.526398
10019.442664
10095.730817
10101.713387
10107.239873
10120.400744
10191.510642
10199.490778
10277.455675
10289.336330
10297.270794
10322.879186
10335.451022
10350.734155
10373.674429
10377.574997
10455.173261
10467.894902
10494.779915
10558.696701
10562.845223
10578.861612
10636.433734
10647.693351
10653.321259
10677.731650
10680.186339
10736.934096
10797.268247
10804.309082
10814.249064
10836.008368
10862.734041
10863.744053
10921.282895
10932.920301
11002.310666
11012.232399
11047.662066
11101.673877
11127.042760
11197.008860
11201.671679
11209.894822
11250.823426
11269.901910
11299.714734
11308.337957
11362.290642
11387.953222
11431.846814
11445.984147
11478.844635
11516.806693
11527.795296
11556.395784
11569.318724
11587.354871
11604.719257
11618.965853
11661.249992
11682.697787
11740.037874
11753.817621
11776.739354
11789.055821
11814.444725
11832.370956
11845.747327
11893.907633
11902.991293
11924.497436
11973.078340
11981.331959
11989.357738
12007.637614
12029.527494
12042.740082
12090.142875
12107.105712
12120.181031
12142.012256
12156.332856
12205.346438
12206.789282
12213.862532
12247.039666
12277.231587
12292.453882
12302.986225
12304.483145
12338.585984
12358.378279
12450.143416
12478.055325
12488.145526
12523.807074
12560.311731
12564.782168
12580.398762
12680.597353
12683.291833
12721.652190
12753.325980
12765.892585
12774.851090
12835.673098
12842.696268
12845.485277
12858.397093
12893.547815
12926.599368
12928.305993
12950.946844
13026.043567
13030.537269
13034.240937
13043.971485
13086.627595
13137.560189
13141.668109
13148.568289
13180.572646
13218.020638
13219.028040
13230.693045
13266.742058
13299.692909
13305.616619
13392.152441
13406.218773
13415.057293
13449.432873
13453.105294
13496.011870
13508.911008
13546.331767
13585.339494
13598.466885
13608.746094
13616.426077
13633.028118
13654.523142
13679.460554
13689.068353
13708.933810
13768.370055
13778.859884
13782.578023
13818.324692
13865.531344
13874.214994
13876.463926
13910.254278
13955.667075
13957.123180
13966.734693
13970.433562
14006.348342
14009.139523
14123.793350
14142.468609
14143.656897
14155.010609
14178.571639
14223.586258
14242.653835
14248.048678
14331.499786
14338.416784
14367.108539
14416.927796
14431.801894
14470.851712
14516.871406
14534.689569
14546.824541
14549.741923
14585.102200
14602.075302
14607.333327
14639.463618
14673.867450
14687.009975
14688.299760
14710.459536
14777.186985
14782.600838
14796.349287
14804.033499
14883.188061
14899.217046
14910.665681
14936.494979
14999.359261
15041.828867
15054.475383
15056.672602
15071.741476
15089.048997
15110.956241
15146.239365
15180.541917
15223.570962
15237.227172
15247.646167
15267.729586
15305.781810
15330.633637
15348.398781
15401.067795
15410.996072
15424.793935
15460.218724
15492.576032
15517.965563
15530.780286
15536.108559
15586.118409
15597.154242
15608.017753
15640.029447
15656.815553
15693.672210
15734.305940
15781.825473
15816.281639
15873.627770
15873.697878
15959.674226
15966.323289
16001.512839
16051.722010
16060.996338
16097.927764
16124.564349
16151.655897
16183.138382
16190.355145
16213.470733
16215.264921
16250.090352
16294.148165
16311.385246
16324.098135
16346.237289
16406.636215
16417.226140
16440.540170
16480.061484
16497.499601
16510.180961
16534.566631
16544.105346
16552.495391
16601.073278
16638.472492
16679.832854
16691.983424
16699.921196
16728.225615
16745.542583
16794.043861
16800.594674
16866.387510
16879.956008
16914.812062
16935.254320
16973.218217
17005.089818
17055.122295
17074.959246
17102.153664
17104.090627
17128.504786
17156.772798
17160.657836
17202.480870
17234.419358
17246.998428
17254.427337
17282.246126
17314.793479
17340.773421
17382.097403
17421.452969
17436.036939
17464.930307
17477.833719
17530.076717
17550.417539
17553.162439
17609.054643
17613.649613
17621.749068
17639.314923
17655.229997
17656.924229
17742.042434
17770.614621
17789.286629
17841.077539
17841.486199
17920.667754
17956.593899
17981.116683
17992.684513
18008.535723
18024.930728
18028.665460
18034.794105
18070.608446
18154.524790
18167.213550
18167.922219
18203.816727
18219.117346
18261.343942
18302.047263
18338.048359
18339.793967
18383.857148
18385.016332
18426.723185
18477.272145
18494.565514
18528.980498
18536.249184
18564.437123
18579.012804
18622.856972
18679.802499
18693.471953
18763.339665
18796.907951
18811.321712
18842.346322
18891.970985
18892.227663
18906.709483
18930.650394
18956.523824
18962.109907
18991.691809
19002.764492
19035.481427
19049.628897
19083.812002
19090.193308
19097.206147
19134.209976
19154.432463
19227.244576
19270.439416
19270.904496
19284.487019
19308.708613
19309.001790
19320.202589
19378.469347
19399.991476
19427.141146
19433.495791
19458.601559
19462.875772
19470.719842
19519.703203
19557.757157
19564.770919
19629.885719
19633.985598
19645.569195
19679.243130
19704.359941
19736.207775
19739.160389
19776.452616
19788.181430
19827.622613
19864.617321
19881.440317
19907.351176
19922.910244
19989.277303
19989.683375
20015.946787
20045.581350
20049.623667
20092.824317
20105.220689
20184.377512
20187.216038
20230.771104
20249.576054
20270.658615
20302.717306
20363.604954
20365.092959
20372.432125
20390.251711
20411.121682
20423.724555
20457.438289
20467.685054
20468.551035
20520.655666
20548.647687
20559.680289
20560.483295
20581.632907
20592.205663
20645.086460
20651.987033
20720.848877
20731.806704
20817.828867
20820.860775
20846.730399
20882.766954
20892.980286
20905.844641
20926.881378
20929.962303
20940.837953
20998.357305
21033.402930
21043.873672
21076.446221
21088.694366
21115.060738
21151.065328
21189.610911
21243.605336
21275.688861
21286.786761
21313.483179
21313.557733
21348.859798
21370.773980
21393.830857
21400.002838
21448.163425
21452.674689
21464.300420
21497.455357
21503.745052
21510.841727
21582.915707
21624.456822
21627.865959
21642.464945
21662.384110
21679.366711
21715.250770
21738.304201
21751.542036
21777.892034
21813.786637
21831.308887
21865.532119
21919.767624
21977.002589
21994.482573
22006.802277
22042.368603
22047.962411
22101.213045
22125.598138
22179.347506
22179.406796
22193.020128
22217.351867
22229.023243
22242.598201
22249.463210
22319.134142
22367.761962
22469.041764
22508.731793
22547.069263
22590.996965
22596.730234
22709.686907
22782.100027
22800.821759
22838.343377
22845.032244
22931.408185
23022.256981
23022.704743
23059.917006
23063.527101
23101.599242
23113.678212
23113.787742
23146.294896
23185.176336
23198.806970
23266.884326
23272.663871
23274.721101
23286.554151
23320.152940
23324.212133
23374.554219
23375.309252
23391.867002
23449.600849
23461.856775
23469.391184
23495.080805
23495.166463
23533.746431
23550.286822
23555.620804
23626.957535
23639.871718
23656.861435
23674.545936
23676.037504
23733.036450
23743.053655
23802.059954
23811.508836
23824.737150
23844.771137
23862.837078
23932.527875
23963.012511
23998.027887
24009.661021
24010.927057
24046.276386
24053.074717
24120.813096
24179.541040
24202.659202
24205.393273
24257.662307
24286.069705
24304.995309
24366.284742
24393.097944
24416.230249
24422.038190
24474.027510
24474.283106
24511.130218
24554.634297
24566.789237
24580.415641
24602.583510
24624.239517
24659.859254
24668.561449
24722.930275
24738.763447
24753.191724
24763.750144
24789.237729
24916.792734
24938.159897
24941.148794
24971.361609
25027.935364
25030.433015
25042.910282
25053.790662
25181.750170
25212.467330
25232.477507
25309.433345
25351.519117
25386.925075
25388.966296
25394.328402
25442.329079
25472.771537
25473.568445
25484.319745
25512.341280
25518.940447
25575.698932
25582.389862
25597.491160
25653.838663
25700.461436
25704.716088
25764.636479
25773.397967
25818.132177
25845.719996
25854.809635
25857.216592
25858.927305
25895.057447
25911.416481
25944.128731
25954.539941
25969.659871
26036.037528
26068.595742
26084.972940
26140.757674
26218.668440
26229.797936
26231.542182
