42.747518
59.397613
77.570775
101.687939
118.391921
148.640950
154.400870
200.309219
210.216146
256.849410
259.380973
310.363997
372.725166
409.860795
419.973183
433.539913
466.246469
494.595043
500.951623
541.125465
630.305557
650.520437
652.458183
678.564151
711.794658
734.074047
772.206667
774.413575
833.193781
850.552151
858.032667
926.519878
949.452103
969.280912
982.276834
1008.888902
1113.196365
1127.886126
1153.892635
1170.700676
1188.692357
1214.546531
1257.372797
1264.795629
1324.052226
1324.505019
1325.708373
1370.768690
1480.722348
1534.492614
1535.520916
1541.172293
1577.702008
1610.832230
1633.400285
1647.999526
1676.627856
1733.612180
1745.805016
1763.692803
1768.813346
1789.501973
1810.197994
1851.745737
1857.435507
1858.122854
1900.871897
1904.650591
1934.450560
1935.215034
1997.717353
2052.888478
2115.765206
2151.882406
2181.617786
2227.584990
2248.943382
2251.502088
2275.331312
2316.516448
2327.940037
2335.533893
2359.659936
2383.120976
2402.569924
2427.872791
2444.566308
2446.300069
2480.365045
2528.202051
2550.642148
2566.404472
2609.302440
2627.618417
2635.314638
2678.681687
2681.926819
2685.689052
2713.598526
2728.775894
2762.092410
2789.659907
2820.614538
2822.901294
2843.684648
2912.380070
2961.563217
2967.940458
2973.810486
3001.650400
3057.266053
3090.107709
3136.257752
3154.875361
3166.968035
3191.023228
3265.035156
3285.911776
3298.903814
3340.705263
3383.539663
3389.257318
3457.266559
3464.553990
3485.030179
3503.603749
3527.379102
3540.990131
3616.684756
3658.963284
3691.928691
3704.889369
3760.332960
3768.254639
3791.549410
3794.804451
3842.051892
3850.699775
3873.497639
3883.928130
3949.814073
3951.976855
3972.059899
4013.053965
4018.170284
4030.768685
4060.390788
4084.960437
4090.332436
4107.118404
4140.964382
4231.636243
4293.352062
4336.250099
4378.604920
4379.054237
4404.660077
4434.888329
4479.991479
4480.863229
4502.872390
4526.878528
4533.279486
4535.906925
4549.441100
4576.631224
4596.457125
4625.714476
4676.239433
4701.222000
4732.533783
4776.125203
4809.827599
4835.837788
4855.390278
4876.418481
4902.485731
4912.603753
4959.407010
4963.056452
4966.252471
4999.999350
5009.390066
5076.166937
5110.923235
5134.049114
5135.418910
5176.840146
5212.015998
5213.657503
5235.006937
5243.129936
5258.001407
5275.205959
5285.216880
5316.259958
5351.929279
5370.335281
5425.590865
5530.388753
5587.119194
5654.515133
5685.110682
5721.515794
5721.941928
5732.278929
5743.565437
5765.896339
5777.970232
5821.460965
5865.439052
5895.748178
5941.651468
5944.960072
6005.792452
6044.025657
6066.946613
6076.627445
6100.424547
6156.477529
6182.667679
6212.065574
6212.142500
6255.762369
6270.341532
6313.047912
6346.728957
6407.201777
6422.486070
6454.313626
6462.628524
6487.687751
6521.212576
6522.892641
6529.813054
6570.486147
6581.235487
6586.302073
6620.202946
6692.629626
6730.098505
6774.197568
6797.408136
6801.856103
6855.794537
6855.951135
6897.392428
6903.446809
6930.496816
6953.452574
7006.033594
7064.276523
7082.531275
7112.291833
7131.242771
7158.426077
7174.666761
7213.068304
7217.124282
7259.868511
7269.107127
7279.727327
7295.165252
7302.273055
7329.446188
7378.066798
7401.455993
7438.368021
7493.225946
7515.998677
7550.555899
7602.301719
7606.600846
7657.609467
7661.990161
7672.583545
7717.546153
7719.426944
7773.232558
7774.620007
7824.558280
7829.388246
7829.767158
7872.471988
7939.193161
7976.206902
7983.404749
8035.126757
8051.002083
8106.362010
8173.108646
8199.764318
8207.964818
8228.695114
8254.785613
8282.963497
8301.619125
8382.033879
8396.111541
8417.042598
8471.818690
8509.972869
8533.184015
8585.966680
8611.434080
8644.323369
8655.167335
8678.474919
8708.184161
8761.895870
8766.751904
8826.467409
8843.657756
8884.491796
8885.160480
8931.988370
8943.686174
8967.010390
8986.623947
9033.735900
9080.604400
9099.965144
9102.776073
9127.045831
9143.012250
9182.187309
9198.783002
9243.227128
9243.488624
9289.881773
9321.111449
9366.466390
9388.138460
9425.602374
9445.913013
9471.696498
9494.348942
9498.078305
9554.270405
9615.642375
9620.457672
9629.131605
9670.817023
9686.279699
9764.113288
9774.378226
9776.268617
9820.202577
9836.277051
9845.938539
9853.888302
9896.458750
9908.451141
9951.479608
9965.060379
9997.985898
9998.277925
10042.089502
10114.406542
10150.134672
10165.388269
10195.350937
10208.535051
10219.011713
10221.732788
10242.197373
10283.458780
10294.395900
10310.413372
10331.427986
10367.085927
10392.070860
10423.397090
10430.670105
10446.415694
10491.191991
10507.653550
10568.668261
10607.596319
10624.039655
10666.291121
10684.938100
10745.153531
10757.537632
10800.187077
10823.140543
10835.330121
10845.717495
10856.040765
10901.884129
10916.795968
10922.433289
10962.790070
10968.252276
10997.659924
11035.075552
11057.448708
11074.417983
11118.242129
11147.336140
11157.478458
11203.380959
11215.720329
11258.918222
11261.474976
11300.490358
11306.284017
11361.385341
11405.297482
11407.590402
11428.149359
11436.558705
11451.725260
11474.977284
11480.075079
11514.461268
11533.491318
11609.530126
11637.269516
11713.126451
11736.021256
11759.574115
11778.720688
11803.150558
11833.894106
11858.604816
11881.115930
11914.906103
12024.612971
12032.529617
12091.587365
12104.935991
12148.113849
12150.636549
12151.437944
12208.837286
12212.193916
12214.696160
12232.291750
12248.883118
12255.624996
12314.724496
12326.756874
12337.869091
12360.411325
12361.237173
12377.549131
12416.186334
12442.409141
12465.552631
12483.589808
12488.488504
12510.935677
12532.550566
12533.962193
12557.413764
12581.197759
12582.855669
12593.110872
12604.298461
12639.603779
12672.692398
12685.414656
12746.588233
12768.126090
12801.135416
12844.881667
12844.925598
12855.364787
12910.420184
12912.565495
12944.640558
12968.179188
12968.768807
12971.467039
13057.983041
13135.588123
13249.474595
13251.837318
13255.344055
13351.048221
13353.572835
13360.631086
13384.497794
13428.847585
13440.076141
13469.076247
13483.448831
13524.552710
13560.399254
13610.119968
13616.295741
13619.341206
13666.603346
13685.538324
13709.111582
13727.658893
13759.552163
13793.709779
13808.996305
13843.805835
13868.072108
13892.348544
13898.980784
13928.189890
13946.490359
13948.720219
13982.820049
14000.342624
14061.035663
14063.307910
14108.261596
14148.298488
14203.944228
14215.481833
14223.488083
14275.658691
14302.597614
14324.848060
14337.074533
14380.172488
14493.783485
14515.592291
14535.575515
14560.091208
14596.567904
14650.266147
14673.319127
14694.714134
14696.758488
14729.303301
14751.153601
14814.293019
14850.814833
14900.640396
14912.731155
14936.001125
14961.327979
14992.186449
15035.561933
15063.985950
15069.368535
15112.640911
15143.565456
15145.450612
15168.417383
15197.609516
15204.040887
15211.876598
15227.326717
15254.089384
15303.070275
15320.870428
15346.805898
15363.325918
15379.450441
15430.123938
15448.278353
15477.771453
15486.879000
15536.782691
15570.908366
15577.451204
15636.423133
15659.608217
15677.862661
15718.941464
15741.988515
15753.955052
15787.104724
15810.094298
15840.470559
15843.601511
15922.658921
15943.622029
15999.352325
16011.280215
16012.007933
16021.207667
16066.940918
16073.225351
16127.921357
16134.064556
16156.409368
16167.935506
16188.724203
16232.381420
16278.368138
16296.250100
16355.943395
16357.210111
16391.067044
16447.905091
16473.157252
16514.283391
16520.542346
16532.489703
16548.845724
16567.080099
16583.617153
16613.671310
16650.456102
16696.694641
16723.413512
16726.759007
16739.861158
16770.595479
16773.133640
16804.079610
16807.815661
16817.734060
16827.612527
16851.483503
16879.157355
16893.591105
16903.232892
16961.247946
16979.577724
16995.611361
17029.840204
17048.782679
17085.673561
17170.293962
17171.882375
17216.349513
17227.897985
17255.457959
17262.582711
17297.592669
17331.684266
17333.643000
17381.811559
17407.048024
17429.722758
17436.663224
17491.414305
17544.840313
17546.428073
17548.097519
17600.381745
17601.761898
17643.331468
17663.154054
17683.089626
17705.698280
17709.398802
17711.266819
17754.416926
17764.300188
17788.412852
17804.531858
17821.925577
17864.842923
17886.703999
17899.105255
17941.132574
17988.122080
18075.772775
18091.061788
18118.688257
18119.528792
18146.719475
18192.703279
18194.927782
18253.631201
18253.851513
18276.135268
18281.238578
18308.397493
18315.849583
18335.778339
18349.444221
18363.270703
18382.958908
18416.782194
18454.060857
18484.085976
18530.310965
18541.056986
18589.424360
18608.261844
18642.561809
18650.773048
18707.947229
18806.495915
18866.524406
18882.550723
18952.444387
18985.864616
19004.035981
19027.404598
19029.295187
19041.815097
19076.654832
19118.468657
19161.627417
19179.191121
19195.574060
19245.835936
19265.117870
19292.166112
19322.257969
19353.103310
19431.658304
19469.562681
19473.809270
19481.511367
19505.367297
19525.191432
19541.746229
19571.905391
19632.703264
19664.007233
19688.372320
19719.773902
19735.097244
19759.105231
19781.829921
19790.502156
19852.069574
19907.382128
19941.438153
19954.596485
19985.285954
20002.517559
20028.310314
20049.395869
20110.230614
20119.129235
20127.258376
20164.983435
20193.580636
20212.280644
20253.536035
20333.996856
20387.785411
20416.189549
20426.928023
20442.850715
20450.378471
20472.816161
20483.859333
20495.646928
20497.164577
20517.770706
20571.169662
20585.413954
20641.338072
20646.380066
20669.878609
20675.650722
20717.874054
20721.721024
20746.020509
20803.425357
20804.688553
20827.078261
20870.143379
20877.462070
20939.008669
20961.344683
20993.909011
21025.554292
21040.569214
21079.424976
21091.525560
21148.199407
21180.741697
21194.670509
21213.662706
21249.180951
21296.644167
21335.129538
21411.398856
21415.553234
21487.389890
21506.105817
21507.683014
21546.467751
21605.074687
21630.525413
21671.110297
21680.181619
21697.372220
21731.162032
21763.043942
21764.577849
21798.292376
21838.403338
21865.655150
21893.415606
21909.585285
21976.426002
21990.602475
22001.070404
22047.563198
22071.925404
22094.637476
22147.854955
22166.597212
22201.946665
22289.754430
22322.043251
22357.581344
22364.929372
22391.356277
22405.100852
22411.563450
22428.137900
22466.852802
22524.339235
22527.130049
22583.053030
22585.852414
22608.778520
22625.552779
22667.917701
22707.930736
22723.349545
22766.981914
22784.662659
22789.715606
22824.027998
22842.225037
22889.132514
22891.540140
22900.162893
22988.143140
23002.699048
23008.379675
23064.163639
23069.686921
23079.202614
23112.066496
23124.649207
23140.855585
23179.482125
23216.656840
23219.222230
23235.596615
23277.836257
23292.419927
23333.736462
23372.683566
23373.849870
23390.030641
23419.605345
23423.567358
23455.891273
23489.961162
23513.150045
23546.086442
23559.713955
23608.264485
23613.832906
23614.439280
23631.282737
23661.814925
23669.971922
23712.826669
23745.811331
23783.907998
23789.123768
23824.009656
23832.702502
23875.925825
23885.211395
23925.111273
24001.109667
24020.033945
24055.021966
24055.210182
24077.116670
24102.125584
24132.412219
24136.161387
24148.961819
24195.624616
24210.610071
24250.609488
24269.639800
24311.050216
24318.655591
24328.375363
24361.833534
24374.494038
24395.950145
24451.273745
24465.116287
24506.095341
24511.761352
24527.692558
24548.951329
24550.285042
24572.252446
24615.729808
24632.212561
24686.154298
24692.884785
24740.476902
24745.597205
24787.424022
24823.814961
24848.061186
24848.602520
24915.439480
24955.996545
24959.254004
25009.766974
25040.198718
25073.782909
25098.544117
25124.599339
25141.764982
25171.902060
25256.817140
25264.820786
25335.253001
25398.099884
25410.176617
25441.094469
25443.008701
25468.364939
25497.568026
25507.326546
25527.530216
25541.232275
25617.476024
25654.527383
25695.685301
25715.284117
25720.976261
25729.626031
25763.349578
25763.433306
25797.268266
25797.614968
25824.617621
25853.312414
25870.884407
25888.996495
25955.367827
25956.017689
26001.764406
26027.130034
26045.383227
26081.999691
26100.745361
26129.019483
26167.054851
26230.284868
26295.325821
26309.225082
26371.548609
26393.814097
26395.903533
26431.044808
26454.393100
26507.935796
26512.159295
26515.462721
26542.528135
26562.486533
26571.464237
26609.548535
26617.491038
26630.020105
26664.625058
26700.007173
26706.031559
26711.683215
26728.504208
26756.834503
26771.364594
26790.449477
26804.002403
26825.978259
26857.224821
26862.984812
26880.568326
26900.423185
26936.433579
26984.042831
27019.941526
27044.449060
27053.389556
27057.051002
27091.659663
27115.997604
27174.363174
27177.005026
27213.796645
27275.192162
27308.932556
27322.576095
27332.264460
27345.346179
27384.618077
27391.130681
27450.641620
