34.127100
40.424793
59.904944
69.005706
82.347471
123.197805
123.670087
140.358656
154.752981
186.778541
215.887052
218.658512
250.950029
292.371878
317.232103
330.046668
350.261975
383.587251
406.812404
444.787879
450.722661
483.120383
484.338690
518.998885
521.897930
548.112178
553.894145
560.962154
590.467353
623.125220
632.680629
657.984743
675.021505
677.846129
693.028481
716.154061
756.301413
797.670805
800.839190
833.354432
833.731302
842.580883
867.552780
872.968365
884.166542
902.196202
925.909938
935.712784
949.259306
970.009030
986.729369
1004.767795
1039.257200
1060.948462
1072.954157
1086.577310
1097.673022
1142.748480
1204.773430
1239.606452
1242.879785
1243.988467
1276.851746
1281.647380
1308.580646
1309.968974
1343.106990
1356.929720
1393.988894
1408.037895
1442.541470
1466.952091
1472.366313
1503.406135
1504.093976
1507.715931
1535.896124
1571.188891
1596.610303
1614.858434
1635.167406
1652.839606
1666.239841
1687.353237
1690.511824
1697.323579
1716.921797
1728.344362
1728.885699
1759.799613
1767.087068
1774.495735
1790.798481
1802.946751
1805.359261
1843.812190
1853.433460
1883.444786
1884.321549
1885.866507
1912.283118
1922.493057
1939.341959
1966.594765
1978.697307
2019.944319
2042.955876
2046.140020
2083.971030
2097.086671
2108.821573
2141.306784
2149.444897
2167.340133
2174.218412
2198.944683
2208.825710
2209.569676
2223.866532
2242.455649
2277.109141
2293.547373
2312.514738
2323.986234
2336.822679
2347.147051
2379.540749
2418.247853
2422.791721
2449.617613
2453.701733
2465.721643
2475.180409
2500.163033
2527.035643
2551.582289
2565.222387
2577.054018
2602.906223
2604.204673
2640.303140
2656.521858
2677.429903
2683.582004
2715.870355
2722.325202
2737.630751
2765.612522
2792.701333
2807.466500
2820.601328
2848.510168
2870.441046
2876.882599
2890.181310
2930.652028
2971.590756
2995.356433
3025.320966
3051.690411
3055.243384
3065.542133
3084.543964
3090.817138
3104.227915
3130.429462
3146.761082
3168.885107
3177.476781
3181.136318
3208.839609
3219.453895
3244.776753
3274.458576
3283.000631
3295.293353
3306.068394
3321.554128
3371.628923
3395.603229
3404.982299
3438.031387
3443.275304
3506.456894
3515.238912
3540.671197
3544.840067
3575.488571
3582.203937
3584.935817
3619.618739
3620.550765
3654.867762
3688.891724
3714.986208
3722.043171
3790.040658
3820.025839
3822.156344
3846.350609
3855.205461
3885.491604
3887.120343
3923.346519
3924.505375
3959.773330
3962.778558
4013.289576
4029.133622
4042.764006
4063.896414
4074.791390
4105.757043
4124.031528
4136.942941
4164.820348
4167.095013
4167.770784
4198.903672
4206.826303
4249.055468
4291.924827
4301.092458
4324.814672
4333.987075
4357.043109
4366.981439
4377.179938
4399.449927
4453.827609
4463.475198
4488.150102
4494.303039
4521.638490
4525.398550
4555.911298
4586.003657
4589.906684
4592.221662
4616.557512
4624.922753
4635.279999
4646.738851
4659.676674
4676.602703
4694.961288
4720.294925
4730.984550
4734.740823
4762.623946
4767.527430
4791.696767
4803.961693
4819.913578
4848.243677
4876.781408
4888.068078
4930.125303
4930.919461
4970.963087
4984.855354
5011.258221
5011.450666
5028.697922
5036.190729
5050.955636
5089.690104
5106.041835
5113.215423
5144.905805
5164.071697
5169.234255
5189.485026
5207.892417
5214.761028
5221.722174
5238.946190
5246.124864
5283.561135
5300.504154
5339.166548
5339.343694
5359.111860
5396.297053
5416.114626
5433.368719
5455.384430
5464.778538
5490.298064
5494.619705
5506.706328
5515.360532
5540.226302
5566.368132
5581.238214
5618.783422
5619.341489
5645.535150
5647.130244
5656.101145
5672.860662
5693.703964
5700.760477
5727.574072
5730.677025
5754.889479
5759.398285
5806.298294
5810.997342
5832.230339
5846.022365
5867.974051
5903.723853
5925.120399
5938.937752
5957.111622
5973.776674
6039.960101
6044.840415
6047.830378
6079.598281
6085.630876
6105.851467
6110.511173
6139.049614
6142.962192
6167.439229
6171.390809
6174.026568
6203.898356
6207.191407
6208.717438
6236.185163
6239.235727
6249.956300
6268.425929
6331.802444
6334.049492
6337.652430
6362.369551
6377.090552
6394.226235
6420.486162
6425.075045
6438.440514
6456.180958
6472.904951
6487.130225
6506.888122
6507.565607
6549.567986
6550.246354
6575.918751
6636.346849
6643.863207
6644.606116
6675.028506
6678.730082
6749.391223
6762.910607
6769.968859
6801.970349
6804.566460
6820.666880
6834.684424
6846.022294
6855.974708
6868.490321
6969.455183
6970.689623
6995.456737
7005.212288
7041.084003
7064.343342
7077.151262
7089.892558
7098.569801
7132.626521
7166.361170
7185.180401
7200.711574
7206.085328
7223.595414
7234.297857
7245.255934
7267.088607
7283.524789
7320.537434
7333.118739
7357.954920
7365.677204
7374.134616
7394.697283
7398.900683
7412.715582
7431.785868
7451.279879
7463.610012
7496.148893
7504.848366
7526.908245
7528.566025
7567.265536
7579.362260
7605.169949
7645.169219
7648.290435
7654.150998
7707.622316
7724.314177
7737.483718
7766.945600
7801.611102
7850.623978
7877.929272
7878.385753
7881.612667
7905.823093
7916.928179
7921.094616
7954.676718
7960.897557
7985.405995
8030.151325
8038.101736
8041.602491
8063.143882
8067.313704
8082.691751
8115.596025
8123.773938
8140.902250
8166.463955
8210.123705
8216.354155
8240.722467
8244.443947
8291.192393
8314.383330
8315.665104
8334.173366
8347.813051
8365.553416
8375.995437
8446.716107
8461.901800
8479.004447
8491.718526
8511.603919
8543.342219
8543.516143
8607.431806
8622.237303
8634.498742
8638.772173
8670.487321
8676.205390
8677.347662
8703.242430
8719.729963
8730.199975
8733.525367
8757.891561
8761.482380
8763.979332
8785.755815
8813.576704
8841.950549
8845.508327
8870.672037
8887.626791
8898.751745
8920.391884
8928.988403
8957.699008
8970.259115
9016.496567
9017.975181
9051.302094
9080.250765
9082.293079
9090.952215
9110.988435
9115.191742
9169.552942
9174.302756
9179.749720
9208.722767
9238.927958
9246.630537
9247.538973
9282.393907
9284.693929
9303.578317
9316.701135
9321.778413
9351.559671
9368.979921
9386.597581
9396.329792
9402.738907
9421.296860
9433.528735
9470.105518
9470.683903
9494.023875
9503.408358
9507.576291
9544.335705
9566.555648
9571.821489
9604.401952
9606.299735
9618.292600
9641.236739
9642.007454
9656.029088
9675.304888
9680.440772
9731.303826
9744.132427
9758.298453
9779.970297
9796.790079
9845.982701
9849.284665
9884.110204
9919.102066
9924.358285
9954.602248
9990.236700
10059.075351
10085.337316
10108.174834
10146.554801
10166.872004
10251.147840
10261.474706
10262.887458
10293.066823
10299.327564
10328.972101
10360.835467
10373.251030
10409.920063
10421.770878
10456.727813
10487.979154
10517.401128
10550.649693
10553.350901
10581.926294
10611.956364
10621.601981
10637.916847
10672.441677
10690.065643
10724.134706
10731.313555
10758.472218
10765.046133
10788.988047
10791.698290
10849.768266
10855.404124
10873.030597
10887.126838
10891.072725
10900.505617
10918.772347
10927.514881
10950.306939
10954.403004
10972.994881
11008.206021
11013.382818
11034.699121
11053.239668
11060.754406
11075.594251
11092.836800
11106.204931
11112.580781
11136.829312
11168.340302
11190.248504
11199.195549
11209.609839
11215.537843
11240.933760
11247.136041
11261.321761
11265.751251
11284.648920
11290.437613
11292.972315
11315.671105
11356.866696
11359.874881
11391.923632
11421.702369
11433.868112
11442.798148
11468.776918
11470.137195
11488.626897
11507.298945
11555.697069
11573.514571
11599.784006
11619.579104
11623.585816
11627.236120
11656.771413
11680.057962
11693.467317
11693.768503
11706.800518
11765.729180
11770.268206
11788.146670
11802.614119
11808.429304
11840.029197
11844.540012
11847.367423
11873.695905
11876.991582
11902.991910
11915.102110
11933.007389
11952.508459
11963.166190
11990.730368
11992.735199
12003.844456
12085.388825
12106.603923
12116.380406
12126.272834
12145.562732
12147.734882
12179.540642
12209.698461
12211.991738
12244.537259
12251.916181
12263.065011
12292.958812
12335.509493
12342.033226
12376.304753
12378.022400
12410.557522
12419.077061
12420.101020
12462.894098
12496.182552
12512.262876
12547.769125
12571.825378
12580.804447
12590.541182
12609.378158
12633.063431
12647.504257
12675.538157
12682.606809
12685.301062
12722.064187
12752.104917
12787.598230
12803.504635
12830.480089
12886.914693
12902.285462
12926.853586
12936.279660
12962.199247
12968.456172
13005.335399
13038.391508
13048.351665
13071.164724
13088.645832
13100.187780
13103.985235
13128.483874
13134.567273
13167.047396
13202.050546
13204.898578
13233.846115
13236.997332
13243.470339
13265.606798
13269.727290
13296.426752
13302.705557
13327.446793
13358.077377
13390.064490
13395.507237
13421.128106
13432.277678
13433.979086
13465.718847
13497.690268
13505.807762
13542.947011
13544.731501
13560.330296
13579.600762
13591.101578
13615.882924
13621.751558
13651.994115
13671.279985
13681.412222
13690.620040
13703.926455
13728.460331
13740.808851
13769.624495
13769.809069
13798.389402
13826.315155
13836.304979
13844.105759
13854.650940
13870.218081
13909.632147
13921.665197
13939.135727
13960.536117
13963.073543
13988.764615
14015.148379
14041.091472
14042.017665
14044.490457
14066.645060
14079.909130
14083.386338
14092.775602
14115.893816
14118.474571
14166.451336
14168.385643
14190.270843
14219.148518
14268.064892
14293.051761
14303.706053
14318.287414
14340.849617
14343.325118
14368.862038
14393.613114
14418.024727
14444.231951
14494.711589
14496.111110
14506.573119
14535.025066
14550.495388
14574.518715
14594.104304
14613.282489
14625.752722
14638.253590
14680.589455
14681.282182
14690.884105
14723.125703
14763.499950
14765.157543
14806.803058
14807.234672
14845.381910
14848.041487
14876.943564
14884.376790
14922.441144
14932.390992
14994.770119
14998.252374
15035.646839
15054.811338
15085.372699
15092.210208
15108.746236
15144.211608
15179.928872
15214.837571
15245.895807
15277.064820
15283.601627
15318.908453
15386.695364
15395.885903
15411.485959
15419.863212
15471.273664
15486.424878
15507.862679
15513.761184
15614.323782
15614.947779
15645.854760
15649.384639
15656.339756
15677.073380
15719.318872
15754.497557
15769.377918
15769.807388
15788.524209
15800.547721
15808.210688
15824.103003
15846.839516
15858.889348
15928.675350
15956.427102
15962.052798
15986.975026
16003.270348
16018.480284
16043.873443
16051.030530
16098.641230
16117.116273
16133.082655
16167.282049
16216.492060
16234.967761
16251.598277
16268.062554
16285.587538
16320.247589
16337.453301
16354.583505
16366.189538
16379.805107
16389.383168
16422.817536
16425.511893
16461.299088
16494.768974
16497.930269
16509.948819
16534.520660
16552.964612
16557.904496
16571.565046
16588.766382
16608.956316
16637.883595
16681.283422
16686.005086
16709.312428
16724.325334
16738.481107
16762.819997
16767.137589
16768.229421
16800.564894
16810.619983
16852.001912
16852.706623
16880.305932
16907.902786
16915.738596
16934.437995
16934.631946
16954.670992
16961.478489
16975.442222
16987.811430
17014.581005
17016.337695
17031.171759
17040.545553
17055.517166
17065.947378
17091.296610
17095.292490
17116.959843
17168.592233
17172.741538
17184.616526
17218.503695
17223.260599
17243.510043
17261.961533
17268.114279
17287.271336
17324.930529
17343.069374
17368.387103
17375.362122
17393.618573
17399.079181
17412.127782
17435.804423
17443.752173
17469.040919
17520.607937
17520.911672
17546.872815
17548.067812
17555.936655
17584.755305
17590.369221
17599.844652
17622.612429
17626.284567
17652.445058
17659.231888
17660.503437
17679.921960
17693.834826
17697.706065
17706.987480
17727.316750
17735.687394
17759.765814
17761.489838
17773.129445
17792.455078
17811.691985
17825.306039
17904.773480
17921.458777
17927.907227
17953.142892
17963.948558
17993.088955
18015.679797
18022.818163
18046.911410
18053.280568
18084.478266
18087.180198
18108.970106
18127.609986
18140.369130
18169.623639
18178.908908
18203.455337
18210.669050
18296.251756
18297.880004
18328.629319
18342.496728
18380.253446
18409.723584
18422.863577
18425.258366
18444.372876
18458.093436
18464.761080
18492.007283
18507.393414
18513.125041
18525.536127
18550.071517
18582.936731
18593.743107
18617.600440
18628.760859
18635.703239
18652.550455
18678.970446
18686.894852
18722.203538
18722.410869
18756.871139
18771.041144
18790.846518
18805.283198
18825.073473
18843.628248
18846.892719
18859.664522
18880.262398
18888.180803
18928.655744
18928.976384
18955.382937
18963.516843
18969.891964
18992.810340
18998.582323
19031.410127
19032.840829
19067.059029
19090.219306
19102.286832
