62.124360
67.436016
94.489758
110.148955
126.673058
132.514579
156.800891
165.124232
186.957809
198.621760
220.347355
251.555858
263.453786
276.012493
331.772608
347.211675
387.262629
398.069848
408.718201
441.147450
470.789698
496.275975
499.822735
530.070061
532.294650
550.837187
562.341538
592.847740
623.798384
660.236551
668.699060
717.653557
734.896072
748.570797
780.064990
809.765875
868.642603
870.539020
880.780036
930.710779
937.129686
962.356465
990.973243
993.554104
1004.816470
1045.666715
1070.227477
1147.372015
1153.726433
1203.689624
1207.092630
1209.370699
1238.137546
1264.119756
1272.210309
1298.798799
1330.683281
1339.525156
1362.258393
1394.991320
1408.142627
1426.167380
1429.552060
1456.312080
1483.973099
1488.031261
1519.225023
1543.929316
1547.650707
1578.689560
1594.803339
1609.503765
1610.586904
1640.252772
1700.964462
1705.140801
1743.694902
1764.161944
1795.429663
1826.239810
1856.137883
1871.869889
1877.565803
1887.097725
1917.604456
1946.692414
1979.924433
2042.284560
2080.211865
2088.571333
2102.966483
2133.019645
2142.407904
2147.853725
2164.667188
2194.026412
2196.407702
2255.870831
2287.077530
2306.733890
2317.047052
2347.530089
2349.563581
2417.318663
2442.910770
2471.416218
2506.644206
2537.681224
2548.603987
2581.893132
2599.193951
2614.265956
2660.029731
2749.503072
2750.431416
2753.288325
2817.223541
2849.337607
2859.859154
2882.172894
2911.639726
2941.382999
2953.085669
3000.648905
3030.483909
3062.566602
3077.087722
3092.668547
3124.244795
3132.957301
3186.539732
3188.377327
3242.461795
3279.783990
3286.703892
3297.306818
3311.184815
3353.602363
3372.693039
3404.480849
3419.963051
3435.133174
3465.929423
3496.915812
3519.347253
3561.006917
3592.637647
3621.625273
3624.389866
3627.690333
3682.523744
3689.160747
3738.490963
3748.180424
3795.141454
3810.451884
3902.009652
3903.503038
3956.958104
3959.756093
4014.254392
4024.375699
4052.851354
4070.906905
4082.800059
4091.363999
4114.239888
4125.874461
4158.869004
4177.719670
4180.883653
4210.619652
4240.936748
4273.555502
4289.590014
4336.554036
4359.157621
4367.529462
4397.928755
4398.282836
4425.467991
4428.698402
4453.984765
4460.987662
4491.861316
4509.906676
4524.021746
4563.843385
4617.553069
4627.293591
4649.281599
4694.380343
4711.846125
4742.939260
4761.369966
4827.292589
4835.036097
4838.930892
4893.713936
4893.921138
4927.368948
4947.609467
4959.018466
4991.856086
5003.329874
5023.511102
5029.249529
5054.799362
5059.117971
5084.569731
5095.704324
5115.533604
5145.526553
5170.386725
5175.682856
5230.357059
5236.724229
5279.484944
5297.734443
5331.945097
5363.032228
5391.451651
5422.778834
5443.099222
5483.354205
5499.234013
5499.629363
5514.312455
5543.912354
5565.059953
5605.624284
5608.941077
5631.355196
5634.576555
5662.266891
5699.447074
5727.779175
5757.680044
5771.835848
5819.807869
5834.910788
5882.017698
5883.382436
5902.833592
5937.803685
5943.367460
5969.303920
5992.149609
6007.281514
6036.511607
6036.754745
6046.351757
6099.333642
6100.694885
6105.874579
6129.255217
6173.900827
6191.527947
6207.890593
6223.850936
6256.169339
6261.727809
6285.231244
6307.833628
6318.027633
6351.977605
6370.757228
6384.284284
6448.504552
6479.454285
6508.391472
6509.449681
6537.228692
6540.171030
6591.226149
6601.203928
6641.719029
6648.279328
6665.426108
6697.074147
6705.008789
6707.614575
6728.788995
6760.519816
6760.695134
6774.971160
6814.049066
6823.710767
6854.408597
6867.859345
6908.141719
6917.123347
6922.410921
6947.985830
6974.173629
6976.417762
6979.291187
7012.760730
7030.921142
7041.132873
7044.968652
7085.995696
7108.742208
7109.320026
7177.059072
7196.472856
7237.363674
7244.825025
7250.421038
7267.610150
7297.586902
7360.607469
7360.642014
7378.725878
7416.247953
7419.886946
7446.394442
7471.926197
7513.446882
7527.021500
7546.869294
7609.309214
7647.754989
7691.231926
7698.787780
7744.780217
7782.466235
7794.451625
7800.552211
7825.459230
7856.850670
7911.916810
7917.098336
7966.587354
7980.819922
8011.267365
8021.738716
8073.186388
8104.736142
8166.175365
8185.907769
8196.581726
8251.777483
8259.785157
8291.162617
8297.239829
8320.083323
8323.035961
8352.253957
8354.450716
8407.162756
8417.249700
8447.368862
8450.776558
8462.413216
8478.417567
8518.686340
8635.892764
8680.751160
8696.958922
8727.525541
8785.331942
8846.526535
8850.837429
8853.680887
8882.581949
8913.820324
8921.405376
8956.905714
8987.107707
9054.901128
9065.262770
9069.540473
9100.092332
9120.157424
9121.477256
9163.604559
9194.845863
9229.488885
9254.529587
9282.811181
9286.999313
9316.833526
9321.417323
9336.290494
9388.966717
9442.337570
9457.441834
9471.981797
9501.243674
9523.354214
9532.561229
9565.721462
9590.109165
9612.395192
9626.540545
9657.001842
9659.352378
9689.726786
9721.919084
9722.204308
9752.960542
9776.488415
9815.228132
9830.147032
9856.966728
9884.674444
9923.196833
9937.678837
9969.673320
9993.070968
10000.576899
10031.685249
10046.257677
10058.492269
10099.619635
10194.143417
10211.898828
10218.380415
10261.624165
10268.897242
10281.944438
10311.377492
10323.320253
10328.254467
10342.186633
10373.402407
10377.347816
10394.274814
10406.431760
10432.024525
10436.871206
10467.333512
10485.784455
10499.767185
10540.147332
10589.489176
10620.481259
10650.215269
10679.924085
10703.480936
10710.125473
10796.295697
10815.902290
10861.179705
10862.770282
10926.218752
10980.199527
10988.161347
10996.197679
11018.762898
11033.977281
11064.390474
11078.816832
11090.572157
11108.632273
11131.089861
11138.502478
11145.998207
11198.451834
11200.548336
11200.748689
11230.133625
11255.646582
11262.381841
11310.716598
11322.348205
11331.992847
11355.126901
11364.893343
11386.828297
11397.821464
11420.116207
11449.402061
11475.640222
11480.915645
11576.285613
11586.735193
11600.299694
11703.031463
11735.417634
11750.980396
11766.523572
11796.450074
11797.787245
11805.187404
11858.552723
11859.551285
11891.311479
11911.621600
11922.256954
11930.187824
11952.237429
11967.354483
11997.403694
12021.494172
12043.665251
12064.828712
12075.321632
12076.323797
12130.752564
12131.639069
12167.534210
12185.077870
12198.058878
12228.887910
12240.841054
12261.602088
12264.841398
12331.436390
12351.758784
12356.335487
12386.949337
12407.332980
12417.373648
12462.369296
12464.458914
12479.814595
12517.751129
12541.106034
12571.435902
12598.182369
12681.209420
12698.570360
12737.129779
12760.785006
12791.701583
12792.705843
12798.493910
12823.222420
12848.475845
12853.869614
12884.751678
12904.479146
12944.966169
12975.669434
13064.038801
13067.952739
13096.649214
13122.671042
13125.926074
13189.034361
13196.693691
13221.307834
13231.017722
13264.123249
13281.690838
13332.016859
13344.970358
13376.310220
13397.482726
13398.367095
13408.396372
13440.348286
13452.494209
13464.487609
13470.546495
13503.081620
13508.204440
13532.039302
13568.183041
13598.343262
13599.885588
13631.871165
13665.366648
13693.160983
13728.059014
13732.361007
13752.334018
13783.995889
13784.371213
13813.677468
13839.809133
13845.524996
13867.174922
13878.823378
13895.705338
13909.200831
13940.991034
13949.634327
13973.744606
14004.120924
14065.620416
14070.733145
14097.162436
14116.172308
14126.483639
14157.822134
14170.831830
14204.485205
14220.507644
14225.593458
14272.790001
14279.777379
14281.332902
14311.585840
14338.918893
14404.944163
14500.393314
14536.686449
14555.183161
14561.000576
14590.398242
14651.777435
14670.504566
14683.725709
14721.161513
14737.801811
14774.620053
14804.798122
14867.429749
14870.192349
14898.092366
14958.664839
14988.192143
14994.952018
15019.767145
15051.028223
15070.498967
15080.901408
15105.758727
15111.337685
15136.871115
15141.769947
15172.066280
15202.834653
15215.227527
15266.008671
15269.858039
15269.886458
15298.115754
15323.796344
15331.172596
15394.049703
15436.176068
15455.708575
15469.829250
15486.365678
15517.515949
15536.593401
15547.353884
15608.172941
15708.326924
15737.797716
15762.420952
15763.776443
15795.742526
15806.414110
15816.416104
15826.984357
15857.958485
15871.511931
15926.644555
15937.803184
15951.609008
16005.473704
16012.869279
16043.238962
16072.672703
16073.559673
16105.273918
16136.456655
16140.786037
16149.653964
16166.975947
16203.896214
16228.503604
16258.140158
16274.611962
16289.215129
16349.538489
16409.433195
16413.955446
16446.896853
16475.142188
16477.861893
16478.120974
16509.370185
16532.855607
16542.326014
16572.616823
16604.601028
16609.163979
16636.979186
16642.789788
16677.311574
16696.387994
16696.847794
16727.592842
16750.701393
16805.676262
16811.595577
16822.635706
16860.299403
16883.517362
16915.103745
16915.907785
16944.814795
16945.210966
16970.112044
16976.556226
17012.841638
17098.581885
17130.435694
17159.310789
17190.431675
17190.465877
17210.990071
17246.047808
17301.738517
17341.983234
17344.811450
17355.677166
17372.016711
17410.603955
17410.936130
17436.932223
17466.602094
17497.455838
17519.130603
17528.215150
17559.623759
17577.361957
17613.491382
17680.168266
17686.021844
17686.882602
17717.172086
17746.148941
17748.842241
17778.659992
17797.395443
17812.219060
17841.602257
17873.819557
17879.297445
17906.348687
17946.271241
17962.736182
18012.308099
18023.764780
18053.899029
18113.744089
18129.828928
18142.544018
18146.630529
18186.336381
18212.297773
18234.135227
18239.997655
18264.117444
18280.381232
18295.162938
18325.949696
18348.462762
18357.383981
18388.564143
18403.630148
18414.696005
18419.790867
18450.420134
18457.605939
18481.520178
18482.763578
18548.864271
18567.300261
18637.639470
18668.080281
18699.412797
18733.203731
18750.454216
18793.092301
18824.434527
18843.312568
18853.954514
18883.834794
18884.466952
19007.546037
19010.456169
19039.419742
19065.352602
19068.442473
19083.746450
19098.758213
19122.391333
19130.863486
19161.790530
19177.877621
19226.403583
19256.401218
19283.443310
19284.588413
19286.005418
19350.743277
19351.722840
19419.397348
19443.934602
19449.740978
19476.457994
19535.519227
19552.980060
19565.985409
19596.820612
19620.695575
19668.349921
19691.021940
19722.771359
19753.823042
19776.833738
19814.793131
19822.449778
19832.946323
19877.381160
19887.485227
19891.227220
19939.494301
19942.291048
19958.575522
19970.420830
19999.956774
20025.787400
20031.127360
20053.188441
20061.794778
20091.351085
20093.037045
20108.393728
20124.426606
20157.779424
20158.882074
20162.937031
20219.237904
20220.349617
20226.331119
20249.293016
20294.624611
20311.519210
20343.022996
20361.979198
20388.772253
20402.867769
20434.168052
20444.149881
20465.642657
20499.996912
20555.524140
20609.111611
20618.906435
20662.375022
20695.545051
20711.048627
20762.163681
20773.765433
20774.535085
20805.811546
20828.994838
20867.569305
20895.735636
20899.083049
20929.761699
20941.694586
20962.664141
20997.196012
21029.197178
21086.051665
21107.387953
21163.016928
21179.211862
21211.409155
21228.998056
21272.196887
21297.373224
21305.419765
21327.457010
21335.406150
21363.041490
21366.056175
21383.825571
21427.822898
21430.670296
21439.146204
21456.518451
21549.559391
21602.505761
21631.191902
21640.072095
21658.480644
21671.554821
21702.278693
21713.603699
21822.828184
21860.439209
21892.466638
21901.244099
21931.694836
21954.925125
21967.704276
21986.136906
21986.504330
22039.110536
22048.183205
22094.769350
22102.267779
22109.586422
22141.099448
22151.272182
22168.286483
22171.151413
22202.334797
22205.358441
22233.627864
22295.344631
22316.706064
22325.404861
22358.164453
22370.610610
22371.226109
22388.386687
22418.521738
22424.633777
22438.362243
22481.812537
22504.607347
22512.257231
22533.196728
22541.445793
22571.010976
22588.214398
22601.947881
22633.488104
22639.021708
22665.181475
22695.821150
22697.160702
22707.530561
22726.715240
22752.112623
22757.176097
22819.271119
22842.496639
22851.701023
22859.927478
22907.758035
22914.675135
22945.609514
22977.018711
23025.129373
23042.936126
23070.388815
23082.046688
23100.820141
23132.024010
23136.257739
23191.633144
23223.753363
23246.633435
23246.901616
23300.182213
23313.586720
23379.195606
23380.857489
23410.894174
23440.346567
23447.673192
23471.552064
23503.906697
23535.092849
23565.170744
23578.780152
23629.749681
23630.054700
23693.617779
23713.335243
23726.782638
23741.035300
23758.298072
23780.990418
23795.355482
23820.167758
23847.736588
23850.328677
23850.984252
23882.240507
23906.210823
23914.082931
23945.068102
23962.583696
23975.588974
23983.351923
24006.338044
24065.248089
24097.131591
24126.039565
24158.574905
24180.633581
24182.034502
24189.345641
24220.335819
24234.287285
24251.416582
