44996
119940
134842
179840
179883
315118
405120
450087
495092
540095
585011
629962
720005
855060
899392
944902
959440
990068
1019358
1035070
1079336
1124924
1199326
1214982
1259139
1304994
1319209
1350110
1439434
1485067
1530137
1559502
1575164
1619476
1664999
1679569
1739539
1800046
1845202
1859308
1890152
1919556
1935297
2025301
2039707
2070407
2099659
2115393
2159623
2205406
2219653
2250508
2339780
2340723
2385805
2475680
2520740
2565623
2610697
2655656
2700720
2745671
2819586
2835533
2879757
2925532
2939783
2970507
2999976
3059987
3060554
3105632
3180161
3285547
3330734
3375757
3420005
3420714
3510744
3540164
3555772
3600145
3660204
3780157
3780611
3840176
3899911
3915553
3960035
3960485
4005343
4050266
4080127
4095362
4185460
4230492
4260201
4320196
4380177
4440313
4455875
4500893
4545878
4590880
4635936
4680158
4681043
4770999
4800303
4816225
4860387
4920315
4950929
4980467
4996193
5086426
5131266
5176262
5220438
5221430
5266453
5311328
5356247
5400331
5401420
5446535
5460330
5580256
5626467
5640315
5671394
5700175
5760322
5761574
5896609
5940388
5941580
5986672
6031651
6060291
6120266
6165998
6180159
6240098
6255809
6300063
6300708
6345770
6360213
6480233
6480816
6525671
6570673
6615569
6660359
6660553
6720372
6750490
6780447
6885464
6930421
6960301
6975478
7020278
7020367
7080378
7155397
7260424
7320522
7380256
7470326
7500650
7515359
7605127
7620836
7650167
7680867
7740935
7860888
7920225
7921065
7981241
8100678
8101236
8160959
8190712
8220982
8235594
8280579
8281009
8325691
8341112
8370536
8401062
8415388
8461108
8505279
8595110
8641165
8685236
8730364
8761207
8775406
8820665
8821186
8941030
8955659
9000550
9000925
9060779
9090639
9120723
9180702
9270652
9315716
9360665
9405697
9480475
9495437
9540432
9540468
9585304
9630437
9675309
9720294
9720412
9780457
9840311
9855080
9945111
10020249
10080068
10080125
10140019
10199876
10259994
10320078
10350259
10395300
10440077
10440268
10485248
10530229
10560102
10575181
10620273
10665400
10710395
10800060
10800321
10845337
10920081
10935427
10980058
11040130
11115331
11160182
11205342
11295553
11340428
11385521
11460059
11475629
11520139
11520481
11580380
11610226
11655080
11700213
11700432
11745085
11760632
11835213
11880202
11880643
11970256
12000547
12015186
12060214
12060625
12105326
12150335
12240282
12240833
12300837
12360863
12374977
12464779
12481044
12540954
12554824
12660837
12721023
12779804
12824797
12841018
12869643
12901012
13004542
13021084
13049634
13139626
13184527
13229449
13261070
13274215
13319153
13364307
13381014
13409196
13454344
13499373
13500837
13560853
13589465
13620801
13634424
13679311
13724362
13740959
13769227
13814127
13861105
13904161
13921149
13948995
13994079
14101113
14173805
14221107
14263841
14281040
14341141
14353726
14398717
14401318
14443702
14461371
14521458
14533815
14578820
14581490
14623740
14641346
14701480
14713709
14758654
14761485
14803769
14821532
14881604
14941690
15001765
15061740
15118777
15181861
15241859
15253733
15343709
15388785
15434037
15481841
15568942
15601929
15613724
15721712
15748936
15781777
15839010
15929101
15961869
16019192
16064030
16141854
16201790
16288930
16333937
16378985
16381792
16423974
16441857
16468913
16501942
16603905
16681740
16738879
16741904
16801920
16873832
16918900
16921538
17008897
17041416
17053743
17101213
17144003
17161272
17279023
17280910
17324158
17340981
17400849
17460892
17520856
17549549
17580754
17594570
17640907
17684533
17700907
17774388
17819519
17820762
17864538
17880557
17909502
18044665
18134707
18179778
18224685
18240314
18300261
18314950
18359800
18360265
18480260
18494715
18540166
18600094
18629860
18660029
18719706
18720057
18780025
18809887
18839951
18854899
18899882
18900066
18959950
18990145
19079744
19124888
19169876
19214750
19259647
19304630
19319925
19349889
19379955
19394748
19439650
19439900
19529499
19574507
19619494
19739723
19754485
19799468
19859786
19889522
19979448
19979879
20024596
20039899
20114534
20159732
20204495
20219855
20249316
20279863
20399622
20459448
20519512
20579635
20639678
20654392
20789259
20819897
20834232
20879172
20879778
20939770
20969060
20999632
21059133
21059802
21119872
21149168
21194220
21284251
21374350
21420060
21540060
21554301
21644377
21660166
21689310
21720060
21779280
21780111
21840073
21900012
21914369
22019845
22079831
22094414
22139331
22139835
22184219
22199708
22229294
22274273
22319630
22364368
22409255
22499314
22544171
22559754
22589323
22634233
22679185
22739708
22814153
22859708
22949394
22979564
22994319
23039324
23039555
23099647
23129332
23174231
23219367
23279778
23339586
23354400
23444313
23489306
23519515
23579576
23624376
23639603
23669271
23699600
23714237
23759352
23804562
23849450
23894558
23939563
23939903
23984540
23999938
24029543
24074493
24119516
24119990
24164301
24299283
24344338
24389217
24524431
24539609
24569393
24599570
24614506
24659581
24719774
24749450
24779898
24839413
24839906
24899976
24929468
24959835
25019382
25064350
25080003
25139883
25154236
25288971
25334045
25379100
25424142
25499942
25514291
25559354
25559950
25604333
25680085
25694297
25800195
25874584
25919790
26009763
26099822
26160326
26189890
26234917
26280301
26340360
26370368
26460507
26505541
26520254
26550565
26580190
26595591
26640399
26685367
26700148
26760235
26775234
26820152
26820187
26865222
26910185
26940194
26955159
27000164
27000171
27180594
27225697
27240458
27270755
27300374
27360502
27405907
27420619
27450854
27480655
27495815
27585660
27765751
27780642
27840550
27855801
27900346
27900894
28020500
28080362
28080832
28125814
28140248
28170721
28200146
28260241
28260329
28305381
28320259
28350362
28395353
28440168
28530246
28560015
28620013
28665312
28679904
28739810
28755505
28800325
28890291
29025289
29039899
29070304
29115289
29159677
29160031
29204998
29249995
29339753
29340232
29385431
29430370
29475478
29519679
29520381
29565265
29745118
29790119
29819411
29925303
29939283
29970392
30059592
30105420
30150464
30179738
30195313
30239740
30285278
30375457
30419736
30420561
30479608
30510494
30555474
30599535
30600523
30690593
30719572
30779508
30839468
30870227
30899281
30915143
30959270
30960169
31005202
31019375
31050166
31079542
31095203
31139512
31275350
31319668
31320222
31365163
31379702
31410193
31499647
31545539
31559576
31590663
31619575
31635496
31770671
31799560
31905605
31919406
31979424
31995822
32039500
32040756
32099476
32159390
32175638
32219611
32279828
32339707
32445295
32459876
32535263
32670255
32715129
32759512
32805001
32819436
32850057
32939440
32939926
33119626
33120117
33179632
33239661
33345539
33390554
33435455
33479714
33480512
33525430
33539694
33599562
33660586
33719510
33779450
33795632
33930699
33959506
33975587
34065701
34079309
34139408
34155415
34199449
34245323
34319325
34335402
34379336
34515018
34559179
34560023
34604873
34619120
34649995
34739877
34784689
34799089
34829600
34859120
34874569
34919271
34919574
35039279
35054315
35099237
35144128
35189136
35234240
35279201
35339515
35399406
35414293
35459397
35459483
35504263
35519405
35549569
35579371
35594588
35684550
35699225
35729432
35819068
35819477
35864477
35878961
35909580
35939056
36044670
36119152
36134653
36179146
36179668
36239230
36269345
36299234
36359189
36404424
36419114
36449280
36479360
36539307
36539435
36719271
36719398
36764425
36854181
36899074
36959167
36988938
37033985
37078821
37079363
37139357
37199229
37259133
37303665
37348715
37438470
37439178
37483361
37528168
37618117
37619248
37663060
37679191
37708073
37739384
37753154
37798326
37799356
37859332
37919328
37979190
38039058
38099212
38158074
38203105
38219002
38248205
38279214
38293018
38337869
38399415
38459580
38517899
38519581
38562800
38607895
38652986
38742968
38759544
38819604
38878034
38879499
38968063
39013177
39059239
39103390
39119130
39148381
39283269
39298573
39328310
39418426
39478401
39538374
39553217
39598321
39643263
39658315
39733696
39838393
39868546
39898384
39913754
39958884
40003839
40018266
40048903
40094094
40138230
40198245
40229144
40274222
40319300
40409303
40499240
40544389
40558302
40589271
40634286
40678342
40679237
40769363
40798284
40858254
40904358
40918257
40949238
40994318
41038521
41039184
41098570
41129078
41158696
41174135
41218771
41219118
41264125
41278670
41309193
41338724
41354230
41398839
41399174
41444123
41458769
41518717
41534080
41623913
41698687
41713906
41758813
41803955
41849129
41878707
41893997
41938614
41938893
41984084
41998672
42028759
42058649
42118632
42163354
42178695
42208485
42238575
42298770
42343752
42388837
42478997
42523933
42538408
42568954
42658456
42659055
42704065
42749073
42778507
42838866
42883813
42898561
42928766
42973872
43018541
43018906
43078590
43138557
43153884
43198610
43243959
43258516
43318642
43333900
43378493
43378848
