42.747518
55.529511
59.397613
75.828747
77.570775
101.687939
111.543570
118.391921
141.915053
148.640950
149.617531
154.400870
184.543835
200.309219
210.216146
211.393294
215.585729
223.641316
224.577084
254.080720
256.849410
259.380973
288.157033
303.767200
310.363997
312.001107
319.465238
334.566720
335.116286
343.361577
353.468914
372.725166
385.304798
409.860795
419.973183
421.406979
433.539913
466.246469
479.105722
494.595043
500.951623
537.849055
541.125465
551.483076
554.281558
567.537452
581.032253
602.706070
630.305557
635.045869
650.520437
652.458183
659.392700
676.301028
676.340446
678.564151
698.503645
709.745264
711.794658
734.074047
767.597921
772.206667
774.413575
799.601569
823.731087
830.195726
833.193781
850.552151
858.032667
888.190634
914.311377
926.519878
931.444326
935.842964
941.005285
949.452103
969.280912
982.276834
1008.888902
1030.903488
1031.655829
1034.556948
1036.465673
1037.768149
1090.664122
1092.747228
1093.171160
1113.196365
1127.886126
1153.892635
1170.700676
1188.692357
1214.546531
1215.228139
1257.372797
1264.795629
1276.693104
1291.924762
1324.052226
1324.505019
1325.708373
1350.359251
1353.826202
1359.719475
1370.768690
1383.801579
1389.527589
1421.189019
1425.673028
1426.538382
1436.760182
1451.773964
1459.345796
1480.722348
1492.899938
1521.895524
1534.492614
1535.520916
1541.172293
1544.230918
1549.403685
1555.957964
1568.138211
1577.702008
1587.668971
1593.189604
1610.832230
1633.400285
1647.999526
1676.627856
1686.732824
1709.133403
1733.612180
1737.356975
1737.956173
1745.805016
1763.561253
1763.692803
1768.813346
1773.309873
1789.501973
1792.688757
1810.197994
1823.242170
1851.745737
1857.435507
1858.122854
1900.871897
1904.650591
1910.896676
1934.450560
1935.215034
1951.578261
1965.232086
1975.840736
1976.817248
1984.283898
1993.398060
1997.717353
2003.046323
2032.288413
2052.888478
2058.720862
2059.128441
2068.908170
2069.597379
2080.490090
2107.405474
2115.765206
2129.179297
2151.882406
2168.899507
2177.181238
2178.658600
2181.617786
2182.289221
2208.030716
2215.071082
2220.947393
2227.584990
2248.943382
2251.502088
2275.331312
2316.516448
2327.940037
2330.526380
2335.533893
2351.483866
2359.659936
2363.484454
2366.685537
2383.120976
2401.229003
2402.569924
2427.872791
2438.576986
2444.566308
2446.300069
2452.762823
2480.365045
2504.706823
2505.379922
2511.932336
2523.343519
2528.202051
2550.033261
2550.642148
2559.753396
2566.404472
2579.206775
2585.620497
2609.302440
2627.618417
2635.314638
2678.681687
2681.926819
2685.689052
2713.598526
2728.775894
2756.469345
2762.092410
2777.125340
2789.659907
2798.679330
2820.614538
2822.901294
2843.684648
2850.906827
2857.504903
2885.998143
2900.738133
2902.170123
2902.558750
2903.442039
2912.380070
2920.333431
2925.329536
2926.310281
2961.563217
2967.940458
2971.778982
2973.810486
3001.650400
3014.836525
3035.348346
3038.072584
3057.266053
3090.107709
3091.002411
3096.060231
3116.752270
3122.473540
3124.989236
3129.947853
3136.257752
3145.826312
3154.875361
3166.968035
3184.430803
3191.023228
3215.371863
3221.744444
3231.044076
3238.386640
3265.035156
3285.911776
3298.903814
3306.868587
3325.959922
3330.548005
3340.705263
3341.316624
3383.539663
3384.287190
3389.257318
3395.408035
3402.212325
3418.059028
3419.039702
3446.724516
3457.266559
3464.553990
3472.530212
3485.030179
3503.603749
3514.863704
3527.379102
3540.990131
3550.400118
3593.965460
3595.625700
3611.804416
3616.684756
3631.617952
3658.963284
3661.908614
3680.531447
3691.928691
3704.889369
3704.978768
3720.027571
3760.332960
3768.254639
3781.564436
3791.549410
3794.804451
3814.518650
3841.503866
3842.051892
3850.699775
3873.497639
3883.928130
3896.706182
3917.602685
3930.505158
3949.814073
3951.976855
3961.505045
3972.059899
4013.053965
4018.170284
4030.768685
4054.151166
4060.390788
4066.202750
4084.960437
4090.332436
4094.796641
4107.118404
4140.964382
4149.370267
4167.933799
4173.019988
4183.536974
4189.412979
4209.190013
4221.817050
4227.360859
4231.636243
4282.928072
4293.352062
4298.031467
4307.120295
4326.619532
4330.870051
4331.361028
4336.250099
4378.604920
4379.054237
4381.789800
4404.660077
4425.318387
4434.888329
4470.558177
4479.991479
4480.863229
4490.653160
4502.872390
4526.878528
4533.279486
4535.906925
4549.441100
4555.551612
4576.631224
4596.457125
4625.714476
4632.811933
4650.707308
4651.009069
4654.467136
4673.388874
4676.239433
4679.729370
4701.222000
4705.552469
4710.433774
4732.533783
4733.046785
4752.726048
4759.976279
4776.125203
4778.528108
4799.855915
4805.790952
4809.827599
4835.837788
4842.204475
4855.390278
4876.418481
4902.485731
4910.988000
4912.603753
4935.966066
4959.407010
4963.056452
4966.252471
4999.999350
5009.390066
5017.445514
5029.991018
5041.004356
5064.031172
5067.280705
5076.166937
5110.923235
5134.049114
5135.418910
5140.805924
5158.069930
5176.840146
5212.015998
5213.657503
5235.006937
5243.129936
5258.001407
5275.205959
5285.216880
5286.526487
5296.983653
5316.259958
5322.405401
5351.929279
5370.335281
5376.411460
5392.509140
5419.367356
5422.542649
5425.590865
5449.595328
5463.461794
5469.265891
5480.915951
5528.004623
5528.354632
5530.388753
5535.570738
5583.253469
5587.119194
5604.020141
5629.446580
5635.960649
5637.857871
5654.515133
5663.169984
5685.110682
5696.461444
5721.515794
5721.941928
5732.278929
5743.565437
5765.896339
5777.970232
5787.038359
5789.332810
5795.151139
5821.460965
5834.505332
5865.439052
5878.020317
5895.748178
5896.447583
5916.026992
5941.651468
5944.960072
5950.781498
5987.075650
5990.930147
6001.078189
6005.792452
6043.254281
6044.025657
6066.946613
6076.627445
6100.424547
6101.995533
6104.736302
6121.861145
6135.834339
6156.477529
6182.667679
6212.065574
6212.142500
6227.813102
6232.918667
6238.002734
6255.762369
6264.588679
6270.341532
6299.263494
6303.536002
6313.047912
6346.728957
6360.289156
6369.266610
6407.201777
6412.032885
6422.486070
6454.313626
6462.628524
6487.687751
6498.199234
6509.411709
6521.212576
6522.892641
6529.813054
6570.486147
6581.235487
6586.302073
6605.712897
6620.202946
6621.190765
6631.780951
6639.357173
6654.128136
6692.629626
6697.093755
6698.187695
6700.457897
6703.039389
6730.098505
6735.218972
6747.448947
6762.717690
6773.062209
6774.197568
6797.408136
6801.856103
6840.868716
6855.794537
6855.951135
6861.213606
6897.392428
6899.444272
6903.446809
6905.749847
6924.983540
6930.496816
6939.517659
6950.380267
6953.452574
6970.297354
6996.732868
6998.759331
7004.959770
7006.033594
7052.472177
7063.601590
7064.276523
7065.859350
7082.531275
7105.178267
7112.291833
7121.173156
7126.015652
7131.242771
7152.636842
7158.426077
7174.666761
7181.146229
7206.387314
7213.068304
7217.124282
7257.062027
7259.868511
7269.107127
7279.727327
7286.524127
7295.165252
7301.219295
7302.273055
7329.446188
7338.516511
7378.066798
7383.868166
7401.455993
7405.623333
7420.081054
7437.889439
7438.368021
7448.845596
7477.524008
7484.093971
7493.225946
7515.998677
7545.552557
7550.555899
7551.438180
7554.332866
7555.382224
7602.301719
7606.600846
7613.701551
7637.036964
7648.241160
7657.609467
7659.572958
7660.962883
7661.990161
7672.583545
7686.196388
7717.546153
7719.426944
7732.594491
7747.586602
7748.686388
7773.232558
7774.620007
7824.558280
7829.388246
7829.767158
7858.231704
7872.471988
7885.172212
7890.234238
7897.548045
7899.991661
7939.193161
7945.215101
7957.381236
7976.206902
7983.404749
7999.041630
8035.126757
8045.635597
8051.002083
8091.790619
8106.118585
8106.362010
8110.399466
8125.965106
8152.277624
8173.108646
8185.528831
8196.831134
8199.764318
8207.964818
8228.695114
8254.785613
8272.760848
8282.963497
8301.619125
8305.785563
8340.438462
8356.125570
8382.033879
8396.111541
8405.161721
8417.042598
8428.193558
8450.987935
8452.981566
8471.818690
8483.124148
8494.974507
8508.875093
8509.972869
8518.709574
8533.184015
8536.986750
8543.511754
8565.875463
8577.308330
8585.966680
8594.207776
8608.954141
8611.434080
8644.323369
8655.167335
8678.474919
8684.471289
8692.771516
8708.184161
8715.817479
8729.282388
8744.481839
8761.895870
8762.388334
8765.292661
8766.751904
8769.093455
8800.362667
8823.368804
8826.467409
8829.399131
8843.657756
8870.280154
8877.138232
8884.491796
8885.160480
8908.006222
8931.988370
8932.742324
8943.686174
8967.010390
8976.375387
8986.623947
9020.267669
9022.910079
9029.388972
9033.735900
9043.541513
9049.898974
9056.631100
9060.908657
9080.604400
9081.812304
9099.965144
9102.776073
9103.510484
9127.045831
9143.012250
9156.606014
9161.382307
9182.187309
9184.437351
9198.783002
9243.227128
9243.488624
9263.769782
9265.765332
9266.583540
9289.881773
9290.427318
9321.111449
9344.087543
9366.466390
9388.138460
9390.522819
9425.602374
9431.638065
9445.913013
9448.686280
9449.406845
9471.696498
9493.441162
9494.348942
9498.078305
9505.535554
9531.088592
9533.458109
9553.819187
9554.270405
9554.958480
9583.236062
9615.642375
9620.457672
9629.131605
9670.817023
9686.279699
9699.081705
9699.164103
9705.049266
9711.389174
9726.703801
9738.736399
9742.225613
9759.999044
9764.113288
9765.635024
9774.378226
9776.268617
9777.881850
9788.957666
9797.318212
9815.593673
9820.202577
9823.041862
9836.277051
9839.364299
9845.938539
9853.888302
9876.840807
9896.458750
9908.308023
9908.451141
9910.982210
9922.170882
9951.479608
9965.060379
9997.985898
9998.277925
9999.663942
10023.696482
10042.089502
10058.728656
10074.275616
10097.191531
10114.406542
10150.134672
10165.388269
10167.606272
10172.854479
10175.372285
10195.350937
10208.535051
10219.011713
10221.732788
10242.197373
10276.177771
10283.458780
10294.395900
10310.413372
10331.427986
10353.550184
10367.085927
10392.070860
10392.627121
10404.272668
10423.397090
10430.670105
10433.626721
10446.415694
10489.612570
10491.191991
10507.653550
10511.746319
10525.180105
10548.863415
10553.514961
10561.673067
10568.668261
10592.605716
10607.596319
10610.141647
10616.840190
10624.039655
10657.968337
10659.644837
10666.291121
10682.068136
10684.938100
10689.188678
10696.777524
10701.143730
10702.484759
10745.153531
10747.169191
10749.896580
10757.537632
10761.121064
10792.058697
10796.161713
10800.187077
10823.140543
10835.330121
10845.717495
10856.040765
10879.877431
10901.884129
10916.795968
10922.433289
10935.615110
10942.882310
10962.790070
10968.252276
10997.659924
11010.428913
11031.699944
11033.242043
11035.075552
11057.448708
11074.417983
11090.998358
11118.242129
11134.205001
11144.360094
11147.336140
11157.478458
11169.917732
11178.453389
11203.057265
11203.380959
11215.720329
11221.357976
11238.659070
11238.937574
11258.918222
11261.474976
11283.563083
11300.490358
11306.284017
11326.122926
11328.943969
11351.929044
11361.385341
11371.919234
11393.753942
11405.297482
11407.590402
11428.149359
11436.558705
11451.725260
11453.845848
11458.889027
11464.231805
11469.351330
11474.977284
11480.075079
11514.461268
11515.420626
11533.491318
11555.859737
11558.383167
11562.495471
11609.530126
11613.666886
11614.964039
11637.269516
11656.775308
11662.981177
11663.053703
11679.401121
11682.844071
11713.126451
11717.633516
11723.397790
11728.299510
11736.021256
11736.233645
11759.574115
11762.347468
11778.720688
11782.194464
11786.090138
11788.270815
11803.150558
11833.894106
11857.945812
11858.604816
11881.115930
11895.681335
11914.906103
11928.258995
11932.703851
11980.815563
11981.712018
11988.884557
12009.178417
12024.612971
12032.529617
12049.994989
12091.587365
12091.720695
12104.935991
12112.811460
12118.892479
12148.113849
12150.636549
12151.437944
12164.455948
12208.837286
12211.495140
12212.193916
12214.696160
12232.291750
12232.873165
12248.883118
12255.624996
12266.522288
12276.642161
12292.214499
12314.724496
12316.468082
12321.601663
12326.756874
12337.869091
12360.411325
12361.237173
12377.549131
12383.604206
12416.186334
12424.388731
12425.365633
12442.409141
12465.552631
12483.589808
12485.620272
12488.488504
12489.186826
12509.400286
12510.935677
12527.742616
12532.550566
12533.962193
12557.413764
12581.197759
12582.855669
12593.110872
12598.717501
12604.298461
12606.173483
12612.613583
12627.169613
12629.731076
12638.534225
12639.603779
12672.692398
12685.414656
12686.450297
12692.307804
