42.747518
55.529511
59.397613
101.687939
111.543570
118.391921
154.400870
200.309219
211.393294
256.849410
259.380973
312.001107
319.465238
343.361577
372.725166
409.860795
419.973183
466.246469
494.595043
500.951623
541.125465
554.281558
567.537452
630.305557
676.301028
678.564151
698.503645
711.794658
734.074047
767.597921
772.206667
774.413575
823.731087
833.193781
850.552151
858.032667
888.190634
914.311377
926.519878
935.842964
949.452103
982.276834
1008.888902
1031.655829
1092.747228
1188.692357
1214.546531
1257.372797
1276.693104
1291.924762
1324.052226
1324.505019
1359.719475
1370.768690
1425.673028
1492.899938
1534.492614
1535.520916
1541.172293
1587.668971
1610.832230
1633.400285
1647.999526
1686.732824
1709.133403
1733.612180
1763.692803
1768.813346
1789.501973
1792.688757
1810.197994
1823.242170
1857.435507
1858.122854
1904.650591
1934.450560
1935.215034
1951.578261
1993.398060
1997.717353
2003.046323
2069.597379
2107.405474
2115.765206
2151.882406
2168.899507
2181.617786
2227.584990
2248.943382
2251.502088
2275.331312
2327.940037
2335.533893
2351.483866
2359.659936
2383.120976
2427.872791
2444.566308
2446.300069
2480.365045
2504.706823
2505.379922
2523.343519
2566.404472
2678.681687
2681.926819
2713.598526
2728.775894
2789.659907
2822.901294
2843.684648
2857.504903
2902.558750
2967.940458
3035.348346
3038.072584
3057.266053
3096.060231
3124.989236
3136.257752
3221.744444
3231.044076
3238.386640
3265.035156
3330.548005
3340.705263
3341.316624
3383.539663
3395.408035
3418.059028
3457.266559
3485.030179
3503.603749
3527.379102
3550.400118
3593.965460
3611.804416
3616.684756
3661.908614
3704.889369
3720.027571
3760.332960
3768.254639
3781.564436
3791.549410
3794.804451
3814.518650
3842.051892
3850.699775
3873.497639
3896.706182
3951.976855
3961.505045
3972.059899
4013.053965
4060.390788
4084.960437
4107.118404
4149.370267
4183.536974
4209.190013
4221.817050
4227.360859
4231.636243
4282.928072
4293.352062
4307.120295
4330.870051
4381.789800
4404.660077
4434.888329
4480.863229
4490.653160
4502.872390
4526.878528
4533.279486
4535.906925
4576.631224
4625.714476
4632.811933
4651.009069
4676.239433
4705.552469
4759.976279
4776.125203
4799.855915
4809.827599
4835.837788
4855.390278
4876.418481
4910.988000
4912.603753
4935.966066
4963.056452
4966.252471
5009.390066
5017.445514
5064.031172
5067.280705
5076.166937
5110.923235
5134.049114
5135.418910
5176.840146
5212.015998
5213.657503
5258.001407
5285.216880
5322.405401
5351.929279
5392.509140
5419.367356
5425.590865
5463.461794
5480.915951
5528.004623
5528.354632
5583.253469
5587.119194
5637.857871
5654.515133
5663.169984
5721.515794
5721.941928
5732.278929
5743.565437
5765.896339
5777.970232
5787.038359
5821.460965
5878.020317
5941.651468
5987.075650
6001.078189
6005.792452
6066.946613
6076.627445
6100.424547
6121.861145
6135.834339
6156.477529
6182.667679
6212.065574
6212.142500
6238.002734
6255.762369
6299.263494
6346.728957
6360.289156
6407.201777
6454.313626
6462.628524
6487.687751
6498.199234
6570.486147
6581.235487
6586.302073
6631.780951
6654.128136
6692.629626
6697.093755
6698.187695
6747.448947
6773.062209
6774.197568
6797.408136
6801.856103
6840.868716
6855.951135
6897.392428
6903.446809
6930.496816
6950.380267
6953.452574
6996.732868
7064.276523
7065.859350
7105.178267
7112.291833
7158.426077
7174.666761
7181.146229
7259.868511
7269.107127
7279.727327
7302.273055
7329.446188
7378.066798
7383.868166
7401.455993
7438.368021
7448.845596
7477.524008
7550.555899
7554.332866
7602.301719
7606.600846
7661.990161
7672.583545
7719.426944
7829.388246
7829.767158
7890.234238
7899.991661
7939.193161
7983.404749
7999.041630
8035.126757
8045.635597
8051.002083
8106.118585
8106.362010
8110.399466
8152.277624
8173.108646
8185.528831
8199.764318
8207.964818
8254.785613
8272.760848
8282.963497
8301.619125
8305.785563
8340.438462
8356.125570
8382.033879
8405.161721
8417.042598
8428.193558
8450.987935
8452.981566
8471.818690
8508.875093
8509.972869
8543.511754
8577.308330
8585.966680
8594.207776
8608.954141
8611.434080
8644.323369
8655.167335
8678.474919
8684.471289
8708.184161
8715.817479
8744.481839
8766.751904
8823.368804
8826.467409
8877.138232
8884.491796
8885.160480
8931.988370
8943.686174
8967.010390
9022.910079
9056.631100
9099.965144
9102.776073
9127.045831
9143.012250
9161.382307
9182.187309
9198.783002
9243.488624
9266.583540
9289.881773
9290.427318
9344.087543
9390.522819
9448.686280
9471.696498
9494.348942
9553.819187
9554.270405
9615.642375
9620.457672
9629.131605
9670.817023
9686.279699
9705.049266
9742.225613
9774.378226
9776.268617
9820.202577
9836.277051
9845.938539
9853.888302
9896.458750
9908.451141
9922.170882
9951.479608
9997.985898
9998.277925
10058.728656
10114.406542
10150.134672
10172.854479
10175.372285
10195.350937
10221.732788
10242.197373
10276.177771
10283.458780
10294.395900
10310.413372
10353.550184
10367.085927
10392.070860
10423.397090
10446.415694
10491.191991
10507.653550
10548.863415
10592.605716
10607.596319
10659.644837
10684.938100
10689.188678
10702.484759
10745.153531
10757.537632
10800.187077
10823.140543
10856.040765
10901.884129
10916.795968
10922.433289
10968.252276
11057.448708
11074.417983
11090.998358
11147.336140
11157.478458
11203.380959
11215.720329
11238.659070
11238.937574
11261.474976
11283.563083
11306.284017
11361.385341
11393.753942
11407.590402
11428.149359
11436.558705
11453.845848
11474.977284
11514.461268
11515.420626
11533.491318
11562.495471
11609.530126
11614.964039
11637.269516
11656.775308
11679.401121
11736.233645
11759.574115
11778.720688
11782.194464
11803.150558
11857.945812
11858.604816
11881.115930
11914.906103
11928.258995
11988.884557
12024.612971
12032.529617
12049.994989
12091.587365
12091.720695
12104.935991
12148.113849
12150.636549
12151.437944
12208.837286
12212.193916
12232.291750
12248.883118
12255.624996
12266.522288
12292.214499
12314.724496
12321.601663
12326.756874
12361.237173
12383.604206
12416.186334
12424.388731
12442.409141
12465.552631
12483.589808
12485.620272
12488.488504
12510.935677
12527.742616
12532.550566
12533.962193
12557.413764
12581.197759
12582.855669
12604.298461
12627.169613
12638.534225
12639.603779
12672.692398
12686.450297
12744.688785
12746.588233
12759.229217
12768.126090
12801.493516
12844.881667
12844.925598
12855.364787
12868.546124
12910.420184
13044.547364
13057.983041
13135.588123
13149.013527
13179.791871
13196.469254
13215.705998
13249.474595
13251.837318
13255.344055
13351.048221
13360.631086
13407.887354
13440.076141
13452.371530
13469.076247
13483.448831
13528.349836
13550.899265
13560.399254
13571.841547
13616.295741
13619.341206
13650.402314
13666.603346
13685.538324
13709.111582
13759.552163
13785.975682
13793.709779
13808.996305
13843.805835
13849.652346
13868.072108
13892.348544
13898.980784
13928.189890
13946.490359
13948.720219
13982.820049
14000.342624
14038.417285
14061.035663
14108.261596
14139.405687
14148.298488
14162.956772
14203.944228
14246.671090
14275.658691
14277.856641
14302.597614
14324.848060
14334.096737
14337.074533
14357.204335
14370.677934
14380.172488
14426.424775
14426.537342
14433.279917
14456.497731
14487.767430
14493.783485
14515.592291
14535.575515
14560.091208
14590.882701
14596.567904
14627.654984
14643.847194
14650.266147
14694.714134
14696.758488
14729.303301
14784.652090
14798.639927
14814.293019
14837.154497
14850.814833
14893.600851
14900.640396
14961.327979
14987.976361
15035.561933
15063.985950
15069.368535
15082.289085
15086.840704
15112.640911
15143.565456
15145.450612
15204.040887
15211.876598
15227.326717
15244.102763
15254.089384
15291.018902
15363.325918
15379.450441
15393.746880
15402.033119
15430.123938
15448.278353
15477.771453
15509.747621
15520.906030
15536.782691
15570.908366
15613.399688
15617.393272
15621.241668
15636.423133
15659.608217
15664.556569
15677.862661
15718.941464
15719.663540
15753.955052
15765.024081
15787.104724
15810.094298
15840.470559
15841.425058
15843.601511
15887.128921
15899.185464
15922.658921
15943.622029
15956.230568
15977.399962
15999.352325
16012.007933
16021.207667
16097.793236
16127.921357
16134.064556
16156.409368
16167.935506
16188.724203
16202.166175
16232.381420
16245.300110
16255.602150
16312.720421
16354.514814
16355.943395
16357.210111
16413.617807
16417.980710
16465.886090
16473.157252
16514.283391
16520.542346
16567.080099
16583.617153
16591.220009
16613.671310
16639.965369
16650.456102
16668.460358
16696.694641
16723.413512
16739.861158
16770.595479
16773.133640
16804.079610
16807.815661
16817.734060
16879.157355
16903.232892
16926.549109
16979.577724
16988.228920
16995.611361
17029.840204
17048.782679
17056.119711
17085.673561
17109.201586
17129.196241
17171.882375
17197.279657
17216.349513
17227.897985
17262.582711
17364.342780
17420.570630
17429.722758
17477.053326
17491.414305
17546.428073
17600.381745
17601.761898
17623.826307
17643.331468
17663.154054
17711.266819
17728.324260
17754.416926
17764.300188
17788.412852
17821.925577
17825.016885
17864.842923
17886.703999
17902.970160
17941.132574
17961.693011
17984.613069
17988.122080
18033.798089
18043.322683
18060.743890
18119.528792
18161.543512
18178.410068
18192.703279
18238.155851
18253.631201
18253.851513
18276.135268
18315.849583
18335.778339
18349.444221
18382.958908
18416.782194
18424.431824
18454.060857
18470.934752
18484.085976
18526.248825
18587.537932
18608.261844
18642.561809
18648.554289
18706.260477
18707.947229
18765.414865
18773.311053
18783.367859
18819.514283
18829.296166
18866.524406
18912.968316
18952.444387
18958.548453
18980.922399
19004.035981
19029.295187
19041.815097
19076.654832
19084.634429
19103.494872
19137.803180
19179.191121
19195.574060
19199.193287
19230.278870
19245.835936
19254.919541
19265.117870
19292.166112
19322.257969
19330.260650
19353.103310
19405.633244
19414.450751
19481.511367
19563.998132
19571.905391
19608.799606
19632.703264
19688.372320
19700.710590
19759.105231
19775.876008
19790.502156
19818.749304
19858.580086
19881.630518
19884.853791
19907.382128
19928.713516
19954.596485
19985.285954
20000.712436
20049.395869
20059.970447
20084.532890
20110.230614
20119.129235
20127.258376
20164.983435
20253.536035
20273.161588
20275.963635
20315.573897
20333.996856
20382.560665
20387.785411
20416.189549
20426.928023
20442.850715
20450.368065
20450.378471
20472.816161
20483.859333
20497.164577
20517.770706
20543.376484
20571.169662
20605.012299
20641.338072
20646.380066
20660.499560
20721.721024
20746.020509
20803.425357
20827.078261
20870.143379
20877.462070
20885.388848
20939.008669
20961.344683
20969.623620
20993.909011
21020.309259
21025.554292
21040.569214
21091.525560
21101.233927
21146.758844
21148.199407
21155.106394
21194.670509
21213.662706
21249.180951
21282.206759
21289.417630
21296.644167
21311.914054
21335.129538
21351.134371
21372.380608
21398.072522
21411.398856
21506.105817
21546.467751
21568.043855
21573.676762
21605.074687
21616.144919
21630.525413
21731.162032
21739.031212
21763.043942
21764.577849
21777.920095
21798.292376
21865.655150
21893.415606
21914.820032
21939.972403
21976.426002
21990.602475
22001.070404
22044.175616
22049.561820
22094.637476
22100.213594
22147.854955
22201.946665
22222.479691
22223.380391
22262.422542
22289.754430
22309.053155
22345.399453
22357.581344
22405.100852
22411.563450
22428.137900
22466.852802
22489.829255
22504.477838
22524.339235
22527.130049
22608.778520
22625.552779
22631.890016
22637.379632
22667.917701
22683.169177
22707.930736
22729.879706
22784.662659
22789.715606
22842.225037
22845.527879
22865.643031
22889.132514
22891.540140
22900.162893
22925.107998
22961.318737
22968.871908
22988.143140
23002.699048
23008.379675
23036.127777
23069.686921
23112.066496
23124.649207
23146.159128
23171.635857
23179.482125
23235.596615
23265.630234
23292.419927
23315.409497
23325.867488
23333.736462
23373.849870
23423.567358
23455.891273
23466.500466
23489.961162
23531.872389
23559.713955
23608.264485
23613.832906
23614.439280
23631.282737
23661.814925
23712.826669
23716.562457
23745.811331
23783.907998
23824.009656
23832.702502
23842.954601
23866.257849
23875.925825
23909.732656
23925.111273
23939.751112
23952.500800
23994.217510
24020.033945
24055.210182
24077.116670
24097.929297
24102.125584
24132.412219
24136.161387
24148.961819
24175.197043
24195.624616
24210.610071
24218.771255
24269.639800
24285.666901
24311.050216
24351.551365
24358.190910
24395.950145
24403.923848
24463.060463
24511.761352
24527.692558
24548.951329
24550.285042
24572.252446
24658.107408
24686.154298
24691.971474
24692.884785
24745.597205
24758.327586
