27.185608
50.864536
62.880715
91.340281
108.124951
109.471087
159.734371
204.635599
227.390640
239.789738
295.439159
300.139216
346.807492
372.126244
382.694982
385.888782
463.791622
472.538933
499.529770
536.298133
555.733482
562.467528
573.866819
583.673197
604.687435
658.196253
704.707087
733.110468
748.003226
778.804761
785.312517
810.440378
843.007231
860.656441
922.220647
926.221345
935.619724
950.979914
976.813389
1011.984060
1016.827213
1085.362690
1109.778553
1123.557720
1159.513377
1170.714029
1173.035728
1218.998753
1244.028374
1271.573364
1301.258177
1314.817349
1323.744461
1350.653006
1425.908169
1440.367476
1477.172894
1480.914949
1486.071939
1499.751669
1553.404762
1578.653145
1677.217093
1718.103129
1725.113509
1802.449964
1861.126061
1875.144004
1911.692227
1922.196171
1954.348781
1959.180670
1974.221614
2024.891509
2058.501033
2110.942554
2123.641227
2162.628236
2195.709885
2241.993950
2256.160186
2276.288906
2291.598708
2335.893867
2348.715405
2373.496721
2391.651535
2426.649415
2427.500157
2440.564885
2474.763784
2493.546912
2529.820334
2577.173587
2583.447120
2607.182351
2619.924560
2651.075145
2654.727841
2676.513030
2726.966025
2791.105051
2794.907003
2807.320948
2811.515351
2831.306295
2836.724243
2842.620055
2871.190549
2885.553041
2899.128355
2914.143257
2955.804579
2966.595591
2977.409988
3027.035052
3043.832065
3099.207893
3148.697933
3163.394188
3176.540806
3210.554970
3266.282088
3269.078456
3271.928556
3297.246741
3345.167084
3357.732866
3364.603220
3375.128080
3391.615714
3426.437662
3447.025968
3487.755376
3523.813074
3530.285708
3536.826543
3572.400314
3628.944282
3635.080221
3637.538074
3707.380666
3720.862764
3757.275303
3782.025191
3825.879464
3853.072664
3879.587400
3895.341188
3909.461234
3921.937754
3944.784697
4002.163281
4006.515740
4081.945796
4094.078702
4106.037355
4128.333935
4182.538096
4220.295369
4250.169777
4259.935615
4272.055622
4292.764975
4305.290004
4311.630167
4437.756568
4448.333902
4463.893325
4475.030224
4481.389677
4554.348686
4565.101948
4610.479653
4623.968772
4659.837131
4667.329042
4682.879459
4716.660434
4721.539332
4741.506782
4776.071384
4836.575053
4846.824913
4890.003326
4920.694019
4933.234904
4965.604577
5013.015762
5067.721564
5090.727715
5117.529880
5144.982447
5154.136431
5188.656829
5200.641821
5253.063691
5256.039618
5321.389611
5332.716820
5383.118055
5395.387774
5440.891827
5519.428589
5530.535416
5562.106545
5596.418685
5692.526296
5706.452953
5726.791639
5728.832908
5744.143885
5796.265531
5803.791777
5866.977637
5882.608936
5899.177594
5933.353646
5949.922446
5985.768245
5988.152889
6065.369228
6101.378737
6103.547331
6140.945217
6143.102719
6168.599154
6194.261113
6253.313122
6261.290296
6296.023298
6344.396098
6397.333888
6442.323540
6446.370572
6482.178651
6483.170223
6542.167653
6591.134977
6593.882573
6624.731623
6637.511255
6645.887127
6670.905512
6708.410546
6715.068650
6781.309003
6800.896715
6849.928190
6907.622553
6951.849416
6978.302161
6987.863846
7000.552736
7012.937611
7034.156414
7110.700451
7117.581388
7168.434977
7173.903689
7189.783538
7246.026227
7277.820572
7327.888792
7357.670385
7369.847122
7404.037836
7418.656107
7504.860206
7526.504091
7534.012551
7544.435986
7580.145564
7583.814137
7599.956953
7641.949909
7642.233312
7671.368606
7723.348405
7736.377717
7771.472390
7790.565250
7829.969047
7863.381090
7906.091499
7912.713988
7940.252793
7958.563451
8023.615624
8036.486006
8078.676054
8091.570573
8097.557923
8105.612843
8140.833600
8149.071396
8197.155017
8236.393182
8246.396317
8274.956774
8287.662201
8322.105613
8339.725620
8358.684612
8377.384561
8392.493857
8435.674204
8460.808793
8466.857156
8487.217843
8498.276238
8548.067900
8552.332188
8558.808745
8619.161443
8622.354269
8650.730367
8742.638388
8809.291922
8813.276573
8831.476203
8865.839308
8894.216853
8922.290490
8926.923094
8949.576754
8965.835720
9002.865324
9012.836048
9015.831217
9049.856109
9095.943627
9105.036636
9181.304333
9193.945144
9228.036327
9276.806731
9285.045078
9292.286212
9313.104663
9359.193707
9363.293044
9375.345769
9409.370080
9415.399610
9418.102459
9455.563264
9463.306896
9508.129944
9539.955179
9552.571737
9575.384762
9632.870983
9722.689661
9738.127496
9749.238877
9758.445673
9773.204761
9829.599187
9830.027182
9874.068148
9912.911546
9965.860384
10015.526398
10036.253055
10095.730817
10101.713387
10107.239873
10120.400744
10142.019186
10191.510642
10199.490778
10217.028045
10219.757144
10252.409624
10289.336330
10297.270794
10322.879186
10335.451022
10350.734155
10373.674429
10377.574997
10412.056217
10425.596322
10455.173261
10467.894902
10494.779915
10558.696701
10578.861612
10653.321259
10677.731650
10680.186339
10681.296457
10736.934096
10797.268247
10827.436664
10862.734041
10863.744053
10890.596212
10921.282895
10932.920301
10960.631387
11047.662066
11055.192409
11114.972858
11127.042760
11150.686323
11160.571431
11197.008860
11209.894822
11244.128555
11250.823426
11299.714734
11307.616442
11362.290642
11387.953222
11431.846814
11445.984147
11478.844635
11516.806693
11556.395784
11569.318724
11618.965853
11630.165167
11661.249992
11682.697787
11740.037874
11753.817621
11776.739354
11789.055821
11814.444725
11832.370956
11845.747327
11893.907633
11902.991293
11924.497436
11937.948537
11973.078340
11981.331959
11989.357738
12007.637614
12029.527494
12107.105712
12156.332856
12206.789282
12213.862532
12277.231587
12292.453882
12374.478273
12395.504991
12450.143416
12478.055325
12488.145526
12514.852818
12523.807074
12560.311731
12564.782168
12580.398762
12616.488712
12673.059752
12680.597353
12683.291833
12708.493270
12721.652190
12774.851090
12835.673098
12842.696268
12845.485277
12858.397093
12926.599368
12928.305993
12955.478220
12990.817996
13026.043567
13030.537269
13043.971485
13086.627595
13137.560189
13141.668109
13180.572646
13219.028040
13230.693045
13266.742058
13299.692909
13305.616619
13325.238001
13388.484866
13392.152441
13406.218773
13418.023558
13449.432873
13453.105294
13493.664333
13508.911008
13546.331767
13585.339494
13598.466885
13608.746094
13616.426077
13633.028118
13654.523142
13708.933810
13760.285120
13778.859884
13782.578023
13818.324692
13874.214994
13876.463926
13910.254278
13955.667075
13957.123180
14006.348342
14009.139523
14063.453560
14072.639651
14085.456001
14143.656897
14188.148926
14248.048678
14312.624160
14338.416784
14372.307158
14416.927796
14424.394192
14431.801894
14470.851712
14504.521500
14516.871406
14546.824541
14549.741923
14607.333327
14639.463618
14673.867450
14687.009975
14688.299760
14710.459536
14777.186985
14782.600838
14804.033499
14863.419678
14883.188061
14899.217046
14936.494979
14965.691062
14999.359261
15019.121750
15054.475383
15071.741476
15110.956241
15146.239365
15154.745889
15180.541917
15223.570962
15267.729586
15272.632778
15330.633637
15348.398781
15401.067795
15424.793935
15460.218724
15464.079416
15517.965563
15536.108559
15586.118409
15597.154242
15608.017753
15618.846060
15693.672210
15734.305940
15741.719330
15769.859360
15781.825473
15816.567187
15843.069912
15873.627770
15873.697878
15939.186738
15953.053575
15959.674226
15966.323289
15997.287896
16013.447578
16051.722010
16060.996338
16097.927764
16141.265355
16151.655897
16213.470733
16215.264921
16236.868436
16250.090352
16294.148165
16311.385246
16324.098135
16346.237289
16417.226140
16475.529396
16497.499601
16510.180961
16534.566631
16544.105346
16601.073278
16605.064645
16638.472492
16663.628363
16679.832854
16691.983424
16692.990813
16699.921196
16728.225615
16800.594674
16864.363647
16912.676599
17005.089818
17014.582845
17067.560192
17074.959246
17102.153664
17104.090627
17128.504786
17160.657836
17160.902224
17202.480870
17246.998428
17254.427337
17282.246126
17314.793479
17385.699502
17421.452969
17422.067466
17464.930307
17477.833719
17530.076717
17550.417539
17613.649613
17639.314923
17655.229997
17656.924229
17711.128467
17742.042434
17770.614621
17789.286629
17803.857668
17841.486199
17858.978207
17920.667754
17956.593899
18008.535723
18024.930728
18028.665460
18034.794105
18070.608446
18078.257494
18114.960290
18154.524790
18167.922219
18203.816727
18219.117346
18229.945106
18302.047263
18339.793967
18351.199149
18426.723185
18438.711368
18477.272145
18494.565514
18502.105799
18514.757018
18536.249184
18564.437123
18579.012804
18580.178515
18632.162235
18679.802499
18693.471953
18703.341380
18717.527727
18763.339665
18796.907951
18811.321712
18842.346322
18891.970985
18892.227663
18906.709483
18930.650394
18956.523824
18962.109907
19002.764492
19049.628897
19083.812002
19134.209976
19154.432463
19191.587079
19227.244576
19270.439416
19270.904496
19284.487019
19308.708613
19320.202589
19363.271065
19378.469347
19399.991476
19433.495791
19462.875772
19470.719842
19503.712195
19509.214316
19519.703203
19557.757157
19621.449060
19633.985598
19645.569195
19704.359941
19736.207775
19739.160389
19776.452616
19788.181430
19827.622613
19829.754114
19864.617321
19881.440317
19907.351176
19922.910244
19943.441410
19989.277303
19989.683375
20004.048110
20045.581350
20049.623667
20092.824317
20105.220689
20111.751168
20184.377512
20187.216038
20230.771104
20249.576054
20270.658615
20286.499069
20302.717306
20365.092959
20375.986601
20390.251711
20411.121682
20423.724555
20457.438289
20467.685054
20468.551035
20520.655666
20559.680289
20581.632907
20592.205663
20651.987033
20678.067391
20717.679813
20720.848877
20731.806704
20817.828867
20820.860775
20842.855088
20846.730399
20892.980286
20905.844641
20926.881378
20940.837953
20980.878338
20998.357305
21033.402930
21043.873672
21076.446221
21088.694366
21151.065328
21189.610911
21196.493432
21243.605336
21262.758794
21311.204510
21313.483179
21370.773980
21393.830857
21400.002838
21448.163425
21452.674689
21497.455357
21582.915707
21627.865959
21642.464945
21663.709958
21679.366711
21715.250770
21738.304201
21751.542036
21813.786637
21819.749447
21860.101149
21865.532119
21868.545069
21914.182011
21919.767624
21970.952520
21977.002589
21994.482573
22006.802277
22042.368603
22047.962411
22088.034885
22101.213045
22125.598138
22128.271975
22179.347506
22179.406796
22193.020128
22217.351867
22229.023243
22249.463210
22319.134142
22335.753226
22367.761962
22372.825745
22380.115504
22413.359453
22436.104103
22469.041764
22508.731793
22552.182330
22560.982298
22591.930884
22596.730234
22684.236913
22713.977591
22736.160970
22745.997851
22748.321190
22838.343377
22845.032244
22903.320720
22908.373138
22917.917079
22980.544450
23022.256981
23022.704743
23059.917006
23101.599242
23113.678212
23113.787742
23146.294896
23156.236795
23182.971327
23185.176336
23219.453836
23266.884326
23272.663871
23274.721101
23320.152940
23324.212133
23374.554219
23375.309252
23391.867002
23449.600849
23461.856775
23469.391184
23495.080805
23495.166463
23550.286822
23639.871718
23650.833962
23656.861435
23674.545936
23676.037504
23733.036450
23743.053655
23749.758554
23802.059954
23824.737150
23861.135529
23862.837078
23932.527875
23963.012511
23998.027887
24010.927057
24046.276386
24053.074717
24093.564399
24120.813096
24202.659202
24205.393273
24228.286615
24257.662307
24286.069705
24304.995309
24321.202646
24393.097944
24416.230249
24458.739779
24474.027510
24474.283106
24554.634297
24563.286891
24566.789237
24588.598797
24602.583510
24624.239517
24668.561449
24722.930275
24786.001205
24789.237729
24847.093330
24857.633462
24880.092671
24916.792734
24926.094567
24938.159897
24941.148794
24975.472592
25027.935364
25030.433015
25042.910282
25088.628582
25106.932870
25120.191955
25129.787784
25131.994369
25155.591459
25181.750170
25212.467330
25232.477507
25240.435720
25289.942520
25303.528890
25337.600467
25351.519117
25386.925075
25394.328402
25442.329079
25472.771537
25484.319745
25499.800736
25512.341280
25536.691686
25597.491160
25636.870800
25653.838663
25699.461972
25704.716088
25764.636479
25818.132177
25845.719996
25857.216592
25895.057447
25911.416481
25944.128731
25954.539941
25969.659871
25982.439994
26036.037528
26050.182567
26068.595742
26159.689104
26171.762810
26231.542182
26266.766293
26292.610253
26330.922076
26385.847499
26405.164250
26418.565055
26424.553984
26457.476000
26499.366790
26538.634063
26550.080796
26609.092863
26638.189143
26640.902311
26695.846358
26752.394131
26754.979820
26773.288830
26818.462533
26836.944848
26845.231026
26862.311716
26872.225581
26912.760806
26949.773576
26963.234145
26991.797807
26995.738032
27053.310091
27056.031276
27124.329964
27133.408658
27147.477952
27210.345443
27293.249444
27304.666776
27318.735340
27321.857090
27377.608022
27394.117823
27428.938697
