45141
59988
90198
119971
135176
180022
180089
225168
240036
270016
300058
314854
359812
359978
404858
419844
449870
479792
494952
539804
539874
584822
599844
629703
659948
674655
719503
719916
764610
780050
809618
840069
854627
899605
899881
944630
959679
989613
1019595
1034442
1079383
1079477
1124314
1139404
1169312
1199527
1214337
1259430
1259529
1304399
1319707
1349458
1379778
1394513
1439654
1439841
1484552
1499613
1529413
1559601
1574331
1619218
1619631
1664390
1679625
1709421
1739554
1754485
1799423
1799433
1844453
1859551
1889414
1919651
1934538
1979421
1979730
2024382
2039718
2069271
2099796
2114340
2159359
2159681
2204347
2219666
2249280
2279457
2294267
2339309
2339541
2384444
2399442
2429358
2459482
2474446
2519274
2519507
2564535
2579199
2609320
2639226
2654376
2699122
2699385
2744262
2759025
2789341
2819136
2834123
2879141
2879159
2923996
2939144
2969013
2999253
3014042
3058938
3059377
3103972
3119467
3149002
3179504
3193963
3239032
3239587
3283968
3299553
3329016
3359523
3373992
3419023
3419461
3463998
3479445
3509064
3539550
3554069
3599113
3599473
3644195
3659566
3689228
3719721
3734411
3779473
3779687
3824218
3839592
3869352
3899581
3914357
3959276
3959585
4004203
4019856
4049069
4079831
4094032
4138957
4139893
4183932
4200008
4228914
4260112
4273791
4318729
4320163
4363788
4379964
4408832
4439894
4453878
4498887
4499831
4543903
4560067
4588960
4620141
4633790
4678827
4680198
4723900
4739979
4769086
4799916
4813985
4859053
4859919
4904144
4919916
4949132
4979933
4994068
5038907
5040117
5083918
5100275
5128865
5160165
5173952
5219003
5220190
5263884
5280103
5308922
5340098
5353885
5398801
5399883
5443686
5459969
5488685
5519854
5533647
5578608
5579745
5623687
5639687
5668518
5699795
5713382
5758285
5759642
5803335
5819717
5848348
5879858
5893253
5938181
5939925
5983322
5999823
6028323
6059952
6073372
6118165
6119815
6163139
6179696
6208117
6239775
6253049
6298084
6299819
6343181
6359761
6388168
6419706
6433103
6478043
6479638
6523132
6539679
6568024
6599613
6613015
6658068
6659742
6703053
6719761
6747910
6779735
6792941
6837927
6839736
6882880
6899859
6928040
6959975
6972886
7017784
7019907
7062603
7080110
7107698
7140113
7152665
7197667
7200132
7242666
7260150
7287800
7319994
7332819
7377711
7380083
7422405
7439798
7467413
7499928
7512444
7557439
7559997
7602475
7620088
7647532
7680112
7692545
7737564
7740179
7782596
7800048
7827693
7860060
7872704
7917755
7920285
7962798
7980376
8007641
8040178
8052506
8097506
8100271
8142494
8160396
8187489
8220347
8232477
8277449
8280339
8322546
8340315
8367640
8400456
8412766
8457796
8460484
8502814
8520420
8547803
8580238
8592838
8637918
8640120
8682797
8700181
8727684
8760123
8772726
8817808
8820137
8862817
8880213
8907807
8940187
8952837
8997882
9000213
9042864
9060265
9087847
9120159
9132917
9177959
9180007
9223054
9240161
9268173
9300226
9313164
9358151
9360065
9403066
9420190
9448148
9480151
9493302
9538358
9540308
9583477
9600209
9628438
9660074
9673429
9718283
9719916
9763378
9779991
9808343
9839995
9853277
9898249
9900039
9943226
9960192
9988155
10020298
10033316
10078351
10080344
10123303
10140170
10168291
10200315
10213215
10258180
10260353
10303022
10320473
10348119
10380398
10393059
10438099
10440617
10483106
10500627
10528316
10560694
10573313
10618230
10620721
10663158
10680409
10708101
10740355
10753125
10798042
10800286
10843006
10859999
10888010
10919903
10933267
10978125
10979920
11023192
11039882
11068184
11099833
11113164
11158157
11159814
11203240
11219805
11248210
11279692
11293132
11338117
11339546
11383113
11399625
11428267
11459640
11473377
11518243
11519744
11563332
11579761
11608113
11639752
11653137
11698148
11699736
11742984
11759879
11787885
11819971
11832974
11877918
11880091
11922853
11940137
11967732
12000048
12012588
12057638
12059957
12102672
12119941
12147568
12179995
12192479
12237530
12239972
12282537
12300022
12327449
12360003
12372441
12417367
12420028
12462316
12479991
12507291
12540007
12552192
12597241
12600115
12642342
12659960
12687224
12719990
12732304
12777294
12780085
12822216
12840097
12867248
12899970
12912175
12957114
12959792
13002198
13019769
13047294
13079724
13092151
13136991
13139653
13182145
13199636
13227300
13259551
13272206
13317378
13319622
13362247
13379764
13407242
13439828
13452392
13497402
13499779
13542504
13559770
13587442
13619821
13632579
13677580
13679835
13722680
13739567
13767626
13799601
13812441
13857532
13859619
13902710
13919737
13947676
13979570
13992781
14037739
14039505
14082780
14099310
14127690
14159390
14172636
14217478
14219271
14262558
14279463
14307423
14339433
14352454
14397414
14399409
14442388
14459464
14487461
14519666
14532647
14577805
14579575
14622814
14639502
14667961
14699512
14712922
14757819
14759455
14802666
14819288
14847568
14879395
14892565
14937488
14939365
14982504
14999312
15027480
15059275
15072581
15117622
15119263
15162532
15179168
15207623
15239028
15252452
15297433
15299234
15342424
15359295
15387381
15419311
15432311
15477369
15479415
15522366
15539381
15567358
15599350
15612215
15657153
15659324
15701984
15719382
15747096
15779345
15792218
15837215
15839300
15882091
15899369
15927053
15959440
15971941
16016922
16019471
16061926
16079394
16106787
16139387
16151892
16196973
16199285
16241925
16259241
16286955
16319187
16331868
16376764
16379430
16421552
16439490
16466610
16499553
16511450
16556490
16559666
16601363
16619652
16646536
16679633
16691522
16736478
16739447
16781585
16799527
16826621
16859641
16871618
16916713
16919639
16961658
16979395
17006670
17039532
17051806
17096899
17099760
17141787
17159802
17186703
17219797
17231797
17276631
17279808
17321545
17339732
17366589
17399809
17411652
17456498
17459973
17501448
17520038
17546496
17580064
17591531
17636310
17640091
17681339
17699983
17726297
17759876
17771367
17816485
17819834
17861581
17879925
17906658
17939919
17951621
17996738
17999832
18041744
18059783
18086904
18119750
18131831
18177026
18179699
18222041
18239464
18266968
18299494
18311965
18357220
18359694
18402071
18419746
18447116
18479932
18492236
18537205
18540081
18582236
18599967
18627355
18659832
18672371
18717398
18719784
18762211
18779785
18807222
18839899
18852197
18897244
18899801
18942212
18959821
18987104
19019800
19032090
19077113
19079851
19122159
19139837
19167141
19199757
19211965
19256967
19259741
19302045
19319805
19347035
19379564
19392175
19437142
19439500
19481949
19499463
19526976
19559537
19571998
19617097
19619429
19662002
19679301
19706964
19739404
19752005
19796962
19799445
19841921
19859441
19886823
19919601
19931924
19977003
19979529
20021975
20039473
20066968
20099429
20111904
20157072
20159334
20202199
20219394
20247027
20279461
20292075
20336903
20339591
20381959
20399665
20426972
20459496
20471966
20516817
20519447
20561805
20579542
20606715
20639503
20651770
20696853
20699435
20741741
20759356
20786742
20819460
20831746
20876867
20879491
20921794
20939444
20966657
20999608
21011800
21056779
21059569
21101502
21119514
21146650
21179571
21191812
21236978
21239529
21281827
21299583
21326830
21359464
21371992
21416960
21419398
21461878
21479323
21506870
21539353
21551722
21596844
21599385
21641763
21659334
21686827
21719305
21731887
21777045
21779272
21821974
21839286
21866923
21899264
21912012
21957218
21959426
22002239
22019426
22047100
22079558
22092062
22137293
22139313
22182389
22199221
22227444
22259312
22272429
22317130
22319299
22362147
22379162
22407167
22439081
22452122
22497291
22499005
22542348
22558864
22587310
22618839
22632197
22677137
22678798
22722041
22738844
22767021
22798817
22811868
22856763
22858776
22901724
22918677
22946844
22978766
22991909
23036992
23038757
23081941
23098847
23126986
23158832
23171953
23216997
23218873
23261918
23278929
23306920
23338876
23351972
23397106
23399010
23442164
23459026
23486974
23519155
23531907
23576779
23579366
23621949
23639326
23666841
23699225
23711602
23756616
23759229
23801569
23819209
23846715
23879230
23891568
23936525
23939406
23981582
23999259
24026446
24059370
24071468
24116386
24119390
24161222
24179437
24206255
24239506
24251092
24296128
24299673
24341106
24359717
24386044
24419576
24430999
24475931
24479424
24520915
24539326
24566109
24599268
24610993
24656095
24659363
24701164
24719454
24746080
24779536
24791071
24836188
24839543
24881259
24899604
24926051
24959439
24970713
25015721
25019434
25060796
25079239
25105749
25139062
25150735
25195724
25199034
25240898
25259011
25285803
25318954
25330884
25375903
25379018
25420873
25438940
25465790
25498865
25510991
25556106
25558787
25601173
25618630
25646116
25678656
25691042
25735959
