29.529193
34.127100
40.424793
59.904944
69.005706
82.347471
123.197805
123.670087
140.358656
154.752981
165.039148
177.919738
186.778541
207.694607
215.887052
218.658512
249.557469
250.950029
252.967715
291.536450
292.371878
317.232103
330.046668
335.021376
368.318224
377.934867
383.587251
406.812404
417.299112
420.339239
444.787879
450.722661
483.120383
484.338690
505.415811
521.897930
548.112178
553.894145
588.688927
590.467353
623.125220
638.044864
657.984743
677.846129
716.154061
717.890480
756.301413
759.727788
762.845974
795.420241
797.670805
800.839190
833.354432
833.731302
842.580883
872.968365
884.166542
911.147023
935.712784
966.614017
970.009030
1004.767795
1007.451153
1039.257200
1046.877176
1060.948462
1086.577310
1097.673022
1107.726884
1126.660917
1134.157131
1142.748480
1165.154699
1168.903693
1176.973490
1204.372420
1204.773430
1210.336023
1239.606452
1242.879785
1274.783138
1276.851746
1281.647380
1308.580646
1309.968974
1319.237487
1342.999119
1343.106990
1356.929720
1375.968353
1376.790859
1393.988894
1408.037895
1431.045845
1440.232194
1442.541470
1466.952091
1472.366313
1475.324375
1503.406135
1504.093976
1507.715931
1535.896124
1540.569987
1566.341658
1571.188891
1596.610303
1602.996285
1627.000525
1635.167406
1657.305711
1687.353237
1690.511824
1697.323579
1716.921797
1728.344362
1728.885699
1745.697699
1759.799613
1767.087068
1774.495735
1790.798481
1802.946751
1805.359261
1822.113399
1831.422326
1843.812190
1884.321549
1885.866507
1915.067738
1922.493057
1939.341959
1946.082668
1961.886676
1966.594765
1978.697307
1993.612488
2011.396293
2019.944319
2042.955876
2043.700869
2046.140020
2072.103232
2076.047733
2083.971030
2097.086671
2123.590260
2124.895449
2141.306784
2167.340133
2174.218412
2174.901416
2198.944683
2208.825710
2223.866532
2242.455649
2248.796090
2252.189617
2277.109141
2298.476608
2312.514738
2323.986234
2336.822679
2347.147051
2349.476899
2374.099942
2379.540749
2382.977403
2398.968845
2418.247853
2422.791721
2424.254294
2453.701733
2465.721643
2475.180409
2490.163610
2508.814482
2525.780962
2527.035643
2552.144209
2565.222387
2577.054018
2602.906223
2604.204673
2629.772640
2637.484170
2640.303140
2656.521858
2677.429903
2679.436693
2683.582004
2710.256981
2715.870355
2753.772896
2765.612522
2765.955801
2792.701333
2807.466500
2820.601328
2831.758137
2906.045458
2909.116821
2930.652028
2935.539794
2948.422413
2965.758336
2987.951213
2995.356433
3011.715538
3026.183080
3065.542133
3084.543964
3090.817138
3104.227915
3143.069411
3146.761082
3177.476781
3181.136318
3207.135356
3219.453895
3244.776753
3274.458576
3295.293353
3306.068394
3321.554128
3338.975418
3369.962566
3395.603229
3404.982299
3407.357931
3470.368081
3471.982332
3506.529750
3540.671197
3544.840067
3550.292031
3575.488571
3582.203937
3584.935817
3610.298696
3654.867762
3656.894316
3688.891724
3694.998979
3722.043171
3750.228480
3756.247693
3770.581509
3785.087633
3790.040658
3808.595757
3822.156344
3854.303204
3855.205461
3885.491604
3889.428122
3923.346519
3924.505375
3959.773330
3962.778558
3982.041653
3994.305351
4002.993269
4029.133622
4042.764006
4044.454357
4063.896414
4082.984541
4097.846689
4124.031528
4136.942941
4164.820348
4167.095013
4198.903672
4206.826303
4230.323957
4234.561869
4249.055468
4261.138536
4267.738143
4291.924827
4293.798164
4324.814672
4333.987075
4357.043109
4366.981439
4377.179938
4389.085791
4421.114447
4431.690801
4453.827609
4462.276927
4463.475198
4494.303039
4506.053771
4525.398550
4555.740530
4555.911298
4586.003657
4589.906684
4592.221662
4635.279999
4646.738851
4659.676674
4676.602703
4694.961288
4706.290481
4720.294925
4730.984550
4734.740823
4762.623946
4763.083988
4767.527430
4805.060604
4819.913578
4846.914168
4848.243677
4878.165698
4888.068078
4904.988372
4915.546093
4930.919461
4953.249527
4984.855354
4990.782888
5011.258221
5011.450666
5028.697922
5050.955636
5061.925082
5067.535218
5089.690104
5106.041835
5138.871733
5144.905805
5164.071697
5169.234255
5183.702425
5189.485026
5207.892417
5214.761028
5221.722174
5246.124864
5260.785204
5263.626764
5283.561135
5288.498924
5300.504154
5339.343694
5359.111860
5364.545190
5377.766731
5390.247342
5396.297053
5414.256077
5439.850025
5455.384430
5464.778538
5469.841587
5494.619705
5506.706328
5515.360532
5533.417384
5540.226302
5543.578124
5566.368132
5571.642276
5581.238214
5592.506343
5609.743189
5618.783422
5619.341489
5645.535150
5647.130244
5672.860662
5684.850974
5693.703964
5722.505733
5727.574072
5754.889479
5759.398285
5768.552720
5782.676210
5795.839337
5832.230339
5839.629579
5846.022365
5867.974051
5868.137735
5885.788443
5897.824445
5903.723853
5925.120399
5938.937752
5964.177040
5973.776674
5987.584011
6004.296594
6006.231179
6017.655616
6073.209714
6079.598281
6085.630876
6105.851467
6126.440989
6139.049614
6167.439229
6171.390809
6174.026568
6207.191407
6239.235727
6272.020547
6292.195517
6300.454241
6303.942224
6331.802444
6334.049492
6337.652430
6362.369551
6371.655484
6377.090552
6420.486162
6456.180958
6463.652580
6472.904951
6487.130225
6541.839683
6549.567986
6550.246354
6612.693949
6636.346849
6643.863207
6675.028506
6678.730082
6679.707764
6706.879416
6713.713749
6721.099971
6738.035687
6749.391223
6762.910607
6769.968859
6784.668169
6801.970349
6804.566460
6820.666880
6834.684424
6855.974708
6868.490321
6887.768071
6890.119699
6902.677448
6925.749713
6928.660978
6936.574926
6960.605445
6969.455183
6970.689623
7005.212288
7010.094053
7041.084003
7050.234887
7064.343342
7077.151262
7098.569801
7113.324987
7127.833747
7132.626521
7149.815488
7166.361170
7167.102134
7185.180401
7200.711574
7206.085328
7223.595414
7234.297857
7267.088607
7283.524789
7297.928619
7320.537434
7335.807356
7357.954920
7374.134616
7394.697283
7412.715582
7431.785868
7451.279879
7463.610012
7468.353014
7490.259120
7496.148893
7504.848366
7526.908245
7528.566025
7542.319426
7558.035656
7567.265536
7579.362260
7605.169949
7616.578559
7645.169219
7648.290435
7654.150998
7677.913075
7685.462024
7691.916763
7724.314177
7728.892510
7763.183596
7766.131100
7766.945600
7794.768089
7801.611102
7805.365677
7823.235261
7839.831379
7843.509229
7850.623978
7877.929272
7881.612667
7905.823093
7916.928179
7921.094616
7932.754474
7954.676718
7959.141682
7960.897557
7985.405995
7993.206416
8011.592079
8030.151325
8038.101736
8041.602491
8063.143882
8067.313704
8082.691751
8115.596025
8123.773938
8138.980499
8140.902250
8165.055991
8166.463955
8174.738367
8206.620316
8210.123705
8216.354155
8240.722467
8244.443947
8248.534133
8266.189130
8291.192393
8314.383330
8315.665104
8334.173366
8340.274483
8347.813051
8365.553416
8375.995437
8381.263862
8390.540611
8414.415471
8415.588051
8461.901800
8465.527517
8479.004447
8491.718526
8504.449655
8511.603919
8543.342219
8543.516143
8569.188223
8575.762694
8595.294081
8622.237303
8648.620600
8676.205390
8701.695498
8703.242430
8719.729963
8730.199975
8733.525367
8757.891561
8761.482380
8763.979332
8785.755815
8795.932436
8803.349923
8813.576704
8826.776684
8841.950549
8870.672037
8887.626791
8889.103130
8920.391884
8927.548663
8928.988403
8952.199636
8957.699008
8970.259115
8983.666406
8988.401683
9010.895824
9016.496567
9017.975181
9048.513981
9049.412468
9090.952215
9130.980896
9142.385100
9147.183552
9169.552942
9174.302756
9179.749720
9206.193721
9213.919571
9238.927958
9246.630537
9247.538973
9282.393907
9303.578317
9316.701135
9336.531279
9351.559671
9358.907755
9368.979921
9396.329792
9402.738907
9421.296860
9433.528735
9436.543432
9494.023875
9503.408358
9507.576291
9530.247311
9537.060497
9544.335705
9566.555648
9571.821489
9581.310108
9604.401952
9641.236739
9642.007454
9656.029088
9675.304888
9709.543530
9718.794965
9731.303826
9744.132427
9758.298453
9769.191941
9779.970297
9796.790079
9806.629950
9814.533307
9845.982701
9874.344992
9884.110204
9885.030345
9913.160609
9924.358285
9951.784260
9954.602248
9964.726130
9989.883222
9990.236700
10029.910592
10044.158394
10059.075351
10069.170595
10085.337316
10092.970435
10125.301617
10127.790380
10146.554801
10161.596474
10166.872004
10185.071370
10208.520498
10223.721888
10229.431269
10251.147840
10261.474706
10262.887458
10293.066823
10299.327564
10328.972101
10334.603573
10336.180502
10378.681013
10392.468386
10409.920063
10424.855750
10446.345113
10464.982625
10481.996760
10508.241849
10517.401128
10519.318709
10550.649693
10551.518467
10553.350901
10581.926294
10588.155479
10594.923763
10611.956364
10621.601981
10637.916847
10643.234475
10656.744742
10680.618046
10690.065643
10723.245646
10731.313555
10758.472218
10760.359515
10765.046133
10788.988047
10807.658256
10817.488797
10845.294045
10849.768266
10855.404124
10873.030597
10887.126838
10891.072725
10900.505617
10918.772347
10927.514881
10932.446456
10950.306939
10972.994881
10981.397053
10982.674734
11008.206021
11013.177558
11034.699121
11044.588197
11053.239668
11086.451876
11092.836800
11106.204931
11112.580781
11132.095352
11136.829312
11138.645359
11164.939548
11168.340302
11199.195549
11209.609839
11215.537843
11230.473942
11240.933760
11261.321761
11265.751251
11284.648920
11290.437613
11292.972315
11323.444325
11325.046683
11356.866696
11359.874881
11366.110893
11388.599528
11391.923632
11396.825914
11416.844481
11421.702369
11433.868112
11455.118844
11468.776918
11488.626897
11494.773264
11507.298945
11544.226236
11547.136113
11555.697069
11573.514571
11581.812583
11589.924812
11619.579104
11623.585816
11627.236120
11652.650404
11656.771413
11680.057962
11693.467317
11693.768503
11706.800518
11729.208124
11731.741077
11761.410497
11765.729180
11770.268206
11788.146670
11802.614119
11816.206917
11840.029197
11844.540012
11847.367423
11873.695905
11876.991582
11902.991910
11915.102110
11933.007389
11952.508459
11963.166190
11964.426676
11990.730368
11992.735199
12003.844456
12023.224313
12029.738542
12085.388825
12106.603923
12126.272834
12145.562732
12168.697655
12179.540642
12244.537259
12251.916181
12292.958812
12302.677348
12335.509493
12342.338832
12376.304753
12381.356942
12410.557522
12419.077061
12457.773545
12462.894098
12496.182552
12512.262876
12534.089398
12546.086531
12547.769125
12571.825378
12580.804447
12633.063431
12647.504257
12675.538157
12682.606809
12685.301062
12718.739334
12722.064187
12752.104917
12761.213610
12787.598230
12794.875810
12822.150545
12830.480089
12845.202952
12886.914693
12892.469480
12926.853586
12927.175845
12936.279660
12968.456172
12970.990089
12997.259387
13005.335399
13008.734059
13031.616604
13065.763943
13088.645832
13100.187780
13103.985235
13128.483874
13134.567273
13136.623587
13167.047396
13169.729806
13202.050546
13203.535628
13204.898578
13233.846115
13236.997332
13243.470339
13281.495845
13296.426752
13302.705557
13327.446793
13368.665545
13390.064490
13395.507237
13401.288331
13421.128106
13432.277678
13433.979086
13452.006216
13465.718847
13469.214443
13505.807762
13513.153907
13529.282202
13542.947011
13544.731501
13560.330296
13576.298625
13608.151909
13615.882924
13621.751558
13639.374615
13651.994115
13652.264154
13681.412222
13690.620040
13703.926455
13711.601668
13728.460331
13736.860391
13740.808851
13766.659385
13769.624495
13769.809069
13798.389402
13805.773318
13826.315155
13836.304979
13844.105759
13854.650940
13870.218081
13882.659965
13883.232002
13904.036435
13909.632147
13921.665197
13939.135727
13960.536117
13963.073543
13973.916749
14008.220544
14015.148379
14041.091472
14042.017665
14044.490457
14066.645060
14083.386338
14092.775602
14115.893816
14118.474571
14124.443011
14143.859940
14153.169106
14166.451336
14168.385643
14190.270843
14227.263781
14243.976720
14250.264888
14293.051761
14318.287414
14335.035019
14340.849617
14368.862038
14393.613114
14418.024727
14419.457422
14419.572555
14444.231951
14463.045067
14469.463140
14494.711589
14496.111110
14506.573119
14535.025066
14546.996852
14550.495388
14574.518715
14599.581226
14613.282489
14625.752722
14638.253590
14651.742538
14653.248488
14681.282182
14707.984122
14729.632954
14735.268014
14763.499950
14768.557542
14791.277963
14806.803058
14807.234672
14819.022279
14845.381910
14848.041487
14884.376790
14890.900420
14905.993688
14932.390992
14960.843099
14973.405544
14994.770119
14998.252374
15024.655764
15035.646839
15052.692251
15054.811338
15072.715357
15085.372699
