55.529511
59.397613
77.570775
118.391921
200.309219
256.849410
259.380973
343.361577
353.468914
433.539913
479.105722
554.281558
602.706070
630.305557
635.045869
652.458183
678.564151
711.794658
767.597921
772.206667
774.413575
823.731087
858.032667
888.190634
926.519878
935.842964
949.452103
982.276834
1008.888902
1031.655829
1036.465673
1092.747228
1093.171160
1153.892635
1170.700676
1188.692357
1214.546531
1257.372797
1264.795629
1324.505019
1359.719475
1370.768690
1383.801579
1426.538382
1492.899938
1535.520916
1577.702008
1587.668971
1610.832230
1633.400285
1647.999526
1686.732824
1709.133403
1733.612180
1763.692803
1857.435507
1904.650591
1910.896676
1934.450560
1935.215034
1997.717353
2003.046323
2052.888478
2059.128441
2069.597379
2115.765206
2129.179297
2168.899507
2275.331312
2335.533893
2402.569924
2427.872791
2444.566308
2446.300069
2523.343519
2550.642148
2579.206775
2609.302440
2627.618417
2635.314638
2681.926819
2728.775894
2789.659907
2820.614538
2912.380070
2961.563217
2967.940458
2973.810486
3001.650400
3035.348346
3057.266053
3124.989236
3154.875361
3231.044076
3238.386640
3285.911776
3341.316624
3389.257318
3418.059028
3457.266559
3593.965460
3611.804416
3616.684756
3661.908614
3691.928691
3720.027571
3842.051892
3873.497639
3896.706182
3917.602685
3949.814073
3951.976855
4018.170284
4030.768685
4060.390788
4107.118404
4183.536974
4209.190013
4221.817050
4282.928072
4307.120295
4378.604920
4404.660077
4434.888329
4490.653160
4502.872390
4533.279486
4549.441100
4596.457125
4625.714476
4651.009069
4676.239433
4701.222000
4705.552469
4809.827599
4855.390278
4876.418481
4902.485731
4935.966066
4963.056452
5017.445514
5067.280705
5076.166937
5110.923235
5135.418910
5212.015998
5243.129936
5275.205959
5392.509140
5463.461794
5480.915951
5530.388753
5583.253469
5587.119194
5637.857871
5663.169984
5721.515794
5732.278929
5765.896339
5787.038359
5789.332810
5834.505332
5865.439052
5941.651468
5944.960072
5987.075650
6001.078189
6005.792452
6044.025657
6066.946613
6156.477529
6182.667679
6212.065574
6212.142500
6238.002734
6255.762369
6270.341532
6299.263494
6346.728957
6360.289156
6407.201777
6422.486070
6454.313626
6462.628524
6521.212576
6522.892641
6529.813054
6570.486147
6581.235487
6586.302073
6631.780951
6654.128136
6697.093755
6698.187695
6730.098505
6801.856103
6840.868716
6855.951135
6996.732868
7004.959770
7006.033594
7064.276523
7082.531275
7105.178267
7112.291833
7131.242771
7158.426077
7174.666761
7217.124282
7269.107127
7378.066798
7401.455993
7405.623333
7477.524008
7515.998677
7554.332866
7555.382224
7606.600846
7613.701551
7661.990161
7829.388246
7872.471988
7890.234238
7939.193161
7945.215101
7976.206902
7983.404749
7999.041630
8035.126757
8045.635597
8106.362010
8110.399466
8152.277624
8173.108646
8185.528831
8207.964818
8254.785613
8282.963497
8340.438462
8356.125570
8382.033879
8396.111541
8417.042598
8450.987935
8452.981566
8471.818690
8508.875093
8543.511754
8594.207776
8608.954141
8644.323369
8655.167335
8684.471289
8744.481839
8766.751904
8826.467409
8884.491796
8885.160480
8932.742324
8967.010390
8986.623947
9033.735900
9043.541513
9056.631100
9080.604400
9099.965144
9102.776073
9143.012250
9182.187309
9184.437351
9243.227128
9243.488624
9289.881773
9290.427318
9344.087543
9366.466390
9388.138460
9431.638065
9445.913013
9448.686280
9494.348942
9554.270405
9620.457672
9670.817023
9686.279699
9705.049266
9726.703801
9774.378226
9776.268617
9997.985898
9999.663942
10042.089502
10058.728656
10175.372285
10195.350937
10242.197373
10294.395900
10310.413372
10353.550184
10392.070860
10423.397090
10446.415694
10489.612570
10491.191991
10548.863415
10568.668261
10592.605716
10624.039655
10659.644837
10666.291121
10684.938100
10689.188678
10702.484759
10745.153531
10757.537632
10901.884129
10916.795968
10922.433289
10962.790070
10968.252276
11010.428913
11057.448708
11118.242129
11157.478458
11203.380959
11283.563083
11306.284017
11328.943969
11405.297482
11428.149359
11451.725260
11474.977284
11514.461268
11533.491318
11558.383167
11609.530126
11637.269516
11679.401121
11717.633516
11736.021256
11736.233645
11803.150558
11833.894106
11881.115930
11928.258995
11981.712018
12024.612971
12032.529617
12148.113849
12150.636549
12214.696160
12232.291750
12248.883118
12255.624996
12266.522288
12360.411325
12383.604206
12442.409141
12483.589808
12485.620272
12527.742616
12557.413764
12581.197759
12593.110872
12604.298461
12627.169613
12638.534225
12685.414656
12746.588233
12759.229217
12768.126090
12844.881667
12844.925598
12868.546124
12968.179188
12968.768807
13044.547364
13057.983041
13074.273042
13179.791871
13215.705998
13249.474595
13251.837318
13255.344055
13284.371578
13351.048221
13360.631086
13384.497794
13440.076141
13469.076247
13517.072392
13524.552710
13528.349836
13560.399254
13610.119968
13619.341206
13650.402314
13685.538324
13709.111582
13717.519014
13727.658893
13759.552163
13785.975682
13793.709779
13808.996305
13843.805835
13898.980784
13982.820049
14038.417285
14063.307910
14108.261596
14203.944228
14215.481833
14223.488083
14277.856641
14324.848060
14337.074533
14370.677934
14426.537342
14433.279917
14456.497731
14493.783485
14590.882701
14596.567904
14627.654984
14643.847194
14650.266147
14814.293019
14837.154497
14850.814833
14900.640396
14936.001125
14961.327979
14987.976361
15035.561933
15069.368535
15082.289085
15112.640911
15145.450612
15197.609516
15303.070275
15320.870428
15363.325918
15402.033119
15430.123938
15536.782691
15613.399688
15617.393272
15659.608217
15677.862661
15753.955052
15787.104724
15840.470559
15841.425058
15843.601511
15887.128921
15902.143642
15977.399962
16012.007933
16021.207667
16073.225351
16097.793236
16134.064556
16156.409368
16188.724203
16202.166175
16232.381420
16245.300110
16249.187994
16255.602150
16278.368138
16296.250100
16355.943395
16447.905091
16473.157252
16514.283391
16583.617153
16639.965369
16668.460358
16696.694641
16726.759007
16773.133640
16807.815661
16851.483503
16961.247946
16979.577724
16988.228920
16995.611361
17029.840204
17048.782679
17056.119711
17085.673561
17114.347592
17129.196241
17170.293962
17197.279657
17216.349513
17227.897985
17262.582711
17331.684266
17364.342780
17381.811559
17420.570630
17429.722758
17436.663224
17491.414305
17546.428073
17663.154054
17705.698280
17711.266819
17728.324260
17788.412852
17804.531858
17886.703999
17941.132574
17984.613069
18043.322683
18091.061788
18118.688257
18119.528792
18146.719475
18178.410068
18192.703279
18238.155851
18253.631201
18281.238578
18308.397493
18335.778339
18349.444221
18363.270703
18382.958908
18395.000361
18424.431824
18470.934752
18526.248825
18587.537932
18642.561809
18648.554289
18703.633912
18707.947229
18765.414865
18773.311053
18783.367859
18885.779279
18912.968316
18952.444387
18958.548453
18967.509218
18980.922399
19027.404598
19029.295187
19084.634429
19103.494872
19118.468657
19195.574060
19199.193287
19245.835936
19254.919541
19265.117870
19292.166112
19353.103310
19365.319255
19405.633244
19414.450751
19431.658304
19473.809270
19481.511367
19505.367297
19541.746229
19563.998132
19571.905391
19632.703264
19664.007233
19688.372320
19700.710590
19719.773902
19735.097244
19781.829921
19790.502156
19852.069574
19858.580086
19884.853791
19907.382128
19928.713516
19941.438153
19954.596485
19985.285954
20002.517559
20084.532890
20119.129235
20127.258376
20164.983435
20178.027511
20193.580636
20212.280644
20253.536035
20315.573897
20416.189549
20442.850715
20450.378471
20571.169662
20585.413954
20605.012299
20641.338072
20646.380066
20717.874054
20760.624438
20783.356021
20830.945279
20903.118678
20939.008669
20961.344683
20969.623620
21020.309259
21025.554292
21040.569214
21091.525560
21155.106394
21194.670509
21213.662706
21247.857157
21282.206759
21296.644167
21338.865970
21372.380608
21398.072522
21415.553234
21487.389890
21507.683014
21568.043855
21573.676762
21605.074687
21680.181619
21763.043942
21764.577849
21777.920095
21798.292376
21865.655150
21893.415606
21909.585285
21914.820032
21939.972403
22047.563198
22049.561820
22147.854955
22222.479691
22262.422542
22289.754430
22309.053155
22345.399453
22411.563450
22428.137900
22434.543789
22489.829255
22504.477838
22524.339235
22527.130049
22583.053030
22585.852414
22723.349545
22729.879706
22784.662659
22824.027998
22842.225037
22865.643031
22891.540140
22900.162893
22961.318737
22965.425049
22988.143140
23002.699048
23036.127777
23079.202614
23146.159128
23179.482125
23216.656840
23235.596615
23265.630234
23292.419927
23315.409497
23333.736462
23390.030641
23423.567358
23432.374515
23455.891273
23466.500466
23489.961162
23513.150045
23559.713955
23613.832906
23669.971922
23708.190909
23716.562457
23777.145819
23789.123768
23866.257849
23875.925825
23885.211395
23909.732656
23952.500800
24001.109667
24020.033945
24055.021966
24097.929297
24132.412219
24148.961819
24175.197043
24195.624616
24218.771255
24328.375363
24351.551365
24374.494038
24451.273745
24463.060463
24465.116287
24511.761352
24527.692558
24572.252446
24615.729808
24632.212561
24691.971474
24823.814961
24848.061186
24848.602520
24895.497599
24900.163941
24955.996545
24959.254004
24981.944538
25040.198718
25070.216109
25073.782909
25124.599339
25141.764982
25218.894088
25264.820786
25274.233280
25335.253001
25342.612921
25381.852836
25398.099884
25410.176617
25441.094469
25443.008701
25497.568026
25507.326546
25527.530216
25541.232275
25552.636490
25602.803944
25661.048841
25695.685301
25763.349578
25824.617621
25853.312414
25870.884407
25888.996495
25896.604105
25925.319296
25955.367827
25972.038687
26045.383227
26100.745361
26129.019483
26210.343781
26230.284868
26236.487279
26290.957954
26295.325821
26309.225082
26346.734919
26371.548609
26393.814097
26395.903533
26431.044808
26562.486533
26571.464237
26630.020105
26664.625058
26666.080961
26706.031559
26711.683215
26728.504208
26771.364594
26804.002403
26825.978259
26862.984812
26900.423185
26934.504444
26936.433579
26977.988995
26981.790020
26984.042831
27019.941526
27044.449060
27057.051002
27213.796645
27249.902360
27308.932556
27311.097556
27379.045006
27384.618077
27391.130681
27435.142554
27446.064396
27493.456594
27509.213612
27513.088671
27580.210778
27585.171959
27608.759328
27647.473521
27661.620873
27668.449528
27748.269935
27778.606535
27791.113443
27818.829481
27833.221200
27880.375130
27895.322770
27953.967259
27980.477230
27981.786627
28030.206496
28047.490388
28053.479141
28129.359385
28151.120095
28180.750822
28211.514538
28258.938604
28270.762307
28346.480322
28368.576762
28382.371780
28429.751041
28450.570190
28492.297260
28510.221571
28538.645789
28558.877023
28662.233661
28702.334621
28761.001305
28778.180525
28818.821023
28833.710120
28889.349846
28894.330849
28918.402705
28941.782020
28945.874451
28954.895465
29000.211234
29003.048332
29036.853536
29070.796088
29114.088623
29223.123597
29225.952948
29308.411784
29334.673238
29443.588597
29463.730648
29486.091888
29489.904655
29494.319242
29545.458594
29551.131973
29571.977138
29612.806507
29639.219268
29645.167030
29720.878499
29720.944047
29775.476192
29780.069217
29802.598684
29815.999938
29871.513572
29877.894262
29897.492133
29899.953823
29915.254837
29944.728128
29957.885555
29992.194566
30016.813194
30039.831457
30048.659610
30101.551043
30115.461086
30195.856290
30197.798175
30221.041513
30259.902584
30297.279523
30303.422232
30303.493111
30319.872823
30349.536701
30359.670473
30415.623204
30447.091856
30449.918307
30570.852646
30773.348467
30863.457725
30904.309153
30906.646906
30974.115137
31022.157520
31083.123201
31090.430317
31145.527207
31150.945843
31192.708613
31194.552191
31237.291773
31313.074205
31379.677540
31406.766786
31429.582845
31465.430881
31470.185312
31488.155440
31524.779355
31531.741541
31572.414631
31574.923016
31674.089835
31689.126559
31697.286853
31711.902775
31720.478295
31735.130382
31757.298519
31763.467412
31780.948827
31806.416244
31815.551451
31884.262370
31918.614086
31920.086210
31944.697932
31952.587326
32037.714165
32061.093209
32077.055955
32085.204440
32127.749706
32135.934978
32145.919839
32276.082608
32334.591057
32363.911550
32418.472714
32457.073267
32479.894699
32517.608163
32584.231021
32635.103143
32652.385800
32681.123071
32717.181104
32738.312078
32772.858525
32792.943634
32806.483434
32858.034499
32929.124967
32959.585635
32962.927125
33027.047531
33060.625103
33102.631933
33116.435390
33148.184119
33159.085958
33169.347696
33224.172695
33225.226849
33272.873662
33283.290284
33359.494174
33435.267563
33437.788665
33492.690142
33535.373530
33547.535859
33602.618261
33747.375457
33758.493084
33819.921376
33822.266782
33866.851498
33913.293714
33974.208765
34054.607297
