44987
60075
90069
134968
180018
239863
269715
299918
359765
404829
479840
599528
674789
719431
719942
809931
839356
854879
899778
959474
1079825
1124939
1139472
1199355
1214926
1304997
1349912
1439840
1499641
1530194
1575156
1620039
1679666
1710100
1799669
1859775
1935492
2040363
2070520
2115357
2160296
2160503
2220419
2280238
2340187
2385311
2400374
2430521
2460389
2475487
2520421
2580438
2640374
2881099
2925951
2970931
3000670
3060690
3060990
3105951
3180536
3240496
3285947
3480513
3540448
3645774
3720206
3780144
3780976
3916026
4005847
4020034
4095734
4140085
4140781
4185810
4200108
4275927
4319845
4410759
4439987
4455752
4500029
4500576
4545580
4560059
4725526
4800295
4815698
4905707
4920026
4979999
4995897
5039948
5040870
5099901
5176218
5279874
5311222
5445899
5459739
5490858
5699494
5759411
5761064
5806020
5851051
5879532
5896065
5941065
5986071
6119863
6121080
6179862
6239919
6299948
6301010
6359852
6390936
6435938
6480006
6480910
6539910
6616009
6659877
6706208
6779774
6839721
6899789
7019866
7201254
7246217
7291219
7380000
7426228
7440040
7499980
7516065
7561227
7606272
7739874
7786193
7800037
7860024
7920872
7965893
7979970
8040040
8055869
8100128
8145659
8160153
8190620
8220182
8280111
8370420
8399866
8459791
8460469
8505610
8519821
8550654
8579789
8685820
8730552
8775496
8910373
8955379
9135450
9180324
9239496
9359816
9419910
9450364
9479790
9540368
9599683
9630357
9659634
9675285
9779673
9810169
9839680
9899666
9900128
9959567
10079365
10080219
10170266
10215163
10379715
10529731
10560001
10574655
10620005
10709670
10754666
10889759
10920052
10934702
10979912
11040017
11069645
11099855
11204615
11219598
11279564
11339488
11459688
11520047
11565022
11579788
11609969
11654698
11700020
11834592
11924868
11969732
11999913
12059941
12104589
12119865
12149697
12194735
12240024
12360008
12374725
12464320
12479923
12509297
12599960
12659787
12689308
12719773
12734345
12779640
12824430
12959456
12959497
13094658
13139567
13139607
13184579
13199739
13229458
13259767
13319441
13379896
13439872
13454246
13499236
13559837
13589255
13619839
13679313
13919867
13994142
14039029
14040013
14099926
14129126
14159791
14174013
14219003
14264092
14279737
14399737
14444006
14533965
14579032
14639911
14713879
14758801
14760072
14819948
14983920
14999915
15059762
15118977
15119649
15179618
15239663
15253988
15298794
15299714
15419770
15479915
15523553
15599807
15613572
15779711
15883660
15899927
16018720
16020041
16080196
16140340
16260477
16288648
16333752
16378756
16380431
16440497
16468568
16513375
16558276
16560671
16620523
16740496
16783437
16800379
16828462
16860398
16873473
16918432
16920404
16980414
17040452
17053297
17098367
17220261
17278310
17280354
17323429
17340384
17400408
17413245
17460378
17520452
17593221
17700162
17818097
17908127
17997972
18060578
18088158
18120672
18133130
18180672
18223150
18268086
18300763
18313036
18358073
18403065
18420783
18480943
18492914
18541046
18582884
18718059
18721180
18763239
18781043
18808278
18943512
18961210
19078586
19123462
19201065
19260959
19303628
19348719
19380884
19440935
19500930
19528659
19560879
19618452
19620896
19663368
19680908
19708277
19740985
19843166
19888116
19978008
20067931
20100667
20112972
20220703
20247914
20280719
20293034
20337791
20340753
20400716
20427844
20472985
20517892
20562809
20640643
20697703
20787724
20820518
20832687
20877626
20880478
20940617
21012410
21120533
21147609
21240737
21327653
21360731
21372814
21417757
21540673
21552537
21642325
21732476
21777582
21780612
21822353
21840624
21867387
21912437
21960570
22020748
22080682
22140547
22200602
22227161
22260505
22317009
22320465
22380506
22406989
22452064
22541930
22620699
22676963
22680764
22721900
22766878
22811865
22856878
22991847
23040882
23081808
23306693
23341056
23351820
23441743
23460836
23486705
23520870
23531638
23580683
23621550
23666545
23820500
23891558
23936612
24000570
24116603
24161619
24180757
24206621
24240745
24341534
24420656
24476492
24521601
24540681
24600524
24611483
24701582
24836136
24840713
24881019
24900722
24925934
24960781
24970925
25015867
25020784
25060734
25105693
25140735
25200695
25241039
25260794
25286073
25376256
25380813
25466246
25501118
25561109
25621117
25646570
25681157
25691570
25741163
25801338
25861188
25871682
25961986
26007002
26041239
26052088
26221212
26276967
26321787
26457292
26502228
26580857
26592204
26637154
26640816
26760963
26817215
26821047
26862146
26881016
26941180
26952300
27042165
27121373
27132023
27176848
27266851
27301261
27361254
27421485
27481499
27537265
27721222
27781170
27851977
27987018
28020870
28076783
28081037
28121844
28201174
28257053
28261140
28302065
28321255
28380961
28436981
28481977
28526951
28662091
28752324
28797258
28860774
28932180
28980749
29067173
29157459
29247527
29280261
29337389
29340083
29382344
29460027
29472381
29562323
29579947
29607506
29697554
29759952
29787658
29939665
29967428
30057336
30102351
30119749
30147518
30372466
30417602
30420003
30462637
30552487
30597545
30600104
30642527
30687583
30732547
30779725
30957517
30959835
31002548
31092465
31139569
31182481
31227550
31272503
31317558
31319913
31362568
31379908
31499824
31559924
31588017
31619911
31678008
31722901
31739773
31812761
31859777
31947905
32127884
32160149
32308204
32340101
32520221
32533047
32580087
32668051
32700068
32757954
32760116
32848001
32893046
32940024
32983012
33000094
33027993
33060286
33163216
33208460
33240508
33343379
33360309
33433544
33568665
33613625
33658621
33660191
33703631
33720044
33793607
34017947
34062999
34079334
34139175
34153242
34199096
34243427
34259160
34288388
34319302
34333343
34378400
34379348
34423444
34468469
34499331
34558585
34648847
34693725
34739306
34783954
34859351
34873948
34963880
34979358
35144254
35159106
35189451
35219093
35234471
35324728
35339335
35504672
35519360
35549828
35594759
35684848
35699458
35729904
35759537
35774953
35819457
35820011
35864956
35910164
35939432
36000542
36045493
36119410
36179490
36180563
36225609
36239453
36270493
36299282
36360484
36419102
36478989
36495458
36539022
36540391
36585502
36658946
36675465
36718872
36765351
36778677
36838558
36898680
37018769
37035768
37138420
37170610
37260495
37350527
37438073
37440358
37530579
37558227
37575746
37618233
37710671
37755708
37800691
37845820
37857840
37917821
37935898
38037860
38115951
38157811
38217765
38340669
38385551
38457859
38475644
38520570
38565659
38610654
38655679
38697794
38700898
38757756
38817813
38925923
38937940
38998040
39016005
39177793
39237734
39421361
39466411
39511447
39556483
39597572
39646475
39657528
39717603
39777560
39781389
39826491
39837576
39916624
40006746
40017904
40052000
40097030
40141956
40257868
40317847
40322184
40367308
40502368
40592510
40617896
40677866
40737935
40772578
40907215
40917937
40977882
41042112
41097725
41132085
41157686
41177218
41267090
41277567
41337623
41357080
41447021
41517949
41582112
41698172
41758050
41942063
41987055
42057861
42076843
42121736
42166816
42177913
42211663
42391574
42436495
42526578
42537820
42597800
42657693
42661561
42777688
42796467
42886543
42897749
42931669
43017793
43021968
43066983
43077627
43111948
43137736
43156863
43197732
43317773
43336849
43381746
43437968
43498013
43558027
43606428
43696185
43738225
43741224
43831159
43858224
43966285
43978271
44038131
44098185
44146148
44158212
44190987
44281199
44416190
44461151
44638109
44641198
44731158
44758254
44776019
44820988
44866042
44878216
44938101
45000982
45045904
45091007
45177951
45225743
45298094
45315667
45357995
45360613
45417983
45450373
45495383
45538223
45540193
45630299
45658170
45718079
45778058
45810468
45900610
45945551
45957924
45990538
46035439
46077930
46080438
46257686
46305337
46378009
46395541
46530879
46617765
46677702
46797698
46846042
46857662
46891132
46917667
46936219
46977805
47071309
47206384
47296385
47386583
47457640
47476667
47517584
47577543
47611609
47637672
47697577
47792031
47837023
47881955
47937667
48058002
48118192
48152001
48238128
48241948
48377080
48421835
48477887
48511735
48556718
48646650
48657760
48717687
48736502
48777725
48781512
48837541
48871740
49006734
49017559
49051655
49096817
49186855
49197749
49231879
49257808
49276785
49318026
49321650
49366686
49378248
49558508
49636909
49738398
49771647
49798316
49816539
49858493
49918493
50086278
50131391
50158712
50218677
50266325
50338602
50356262
50398475
50401300
50446477
50578362
50626301
50638423
50818370
50851433
50878347
50941597
50986646
51031807
51121963
51167018
51301671
51418598
51478494
51482047
51538543
51598480
51707215
51797229
51838631
51842157
51887242
51932308
51958664
51977417
52018801
52067356
52078768
52112480
52138630
52198504
52202545
52247484
52258573
52292355
52337437
52378426
52438404
52472293
52498418
52558534
52562396
52652421
52697407
52787124
52798215
52858064
