59.904944
82.347471
91.748241
123.197805
123.670087
140.358656
154.752981
165.039148
177.919738
186.778541
207.694607
215.887052
218.658512
283.651275
292.371878
330.046668
335.021376
350.261975
368.318224
383.587251
406.812404
417.299112
444.787879
450.722661
483.120383
518.998885
521.897930
590.467353
599.648499
623.125220
632.680629
717.890480
728.067353
797.670805
833.354432
833.731302
842.580883
884.166542
902.196202
911.147023
949.259306
970.009030
986.729369
1007.451153
1039.257200
1046.877176
1072.954157
1134.157131
1168.903693
1204.372420
1239.606452
1243.988467
1276.851746
1309.968974
1319.237487
1342.999119
1343.106990
1375.968353
1376.790859
1408.037895
1409.962166
1442.541470
1466.952091
1472.366313
1539.071610
1566.341658
1577.620723
1602.996285
1614.858434
1635.167406
1652.839606
1666.239841
1687.353237
1728.344362
1745.697699
1759.799613
1774.495735
1790.798481
1822.113399
1843.812190
1858.950717
1884.321549
1912.283118
1939.341959
1961.886676
1978.697307
1993.612488
2002.413227
2019.944319
2043.700869
2046.140020
2076.047733
2124.895449
2149.444897
2167.340133
2174.901416
2198.944683
2208.825710
2242.455649
2273.658121
2293.547373
2312.514738
2323.986234
2336.822679
2347.147051
2349.476899
2374.099942
2398.968845
2422.791721
2424.254294
2449.617613
2465.721643
2527.035643
2565.222387
2602.906223
2640.303140
2656.521858
2683.582004
2715.870355
2737.630751
2765.612522
2793.074969
2807.466500
2820.601328
2848.510168
2870.441046
2906.045458
2909.116821
2948.422413
2965.758336
2987.951213
2995.356433
3025.320966
3026.183080
3051.690411
3055.243384
3065.542133
3084.543964
3090.817138
3104.227915
3168.885107
3177.476781
3181.136318
3207.135356
3208.839609
3219.453895
3274.458576
3283.000631
3321.554128
3332.410052
3338.975418
3369.962566
3433.488644
3438.031387
3443.275304
3471.982332
3479.422053
3506.456894
3515.238912
3540.671197
3544.840067
3550.292031
3582.203937
3610.298696
3619.618739
3656.894316
3680.744967
3694.998979
3714.986208
3722.043171
3733.399154
3750.228480
3756.247693
3808.595757
3820.025839
3822.156344
3855.205461
3887.120343
3889.428122
3918.140061
3959.773330
3962.778558
4002.993269
4042.764006
4063.896414
4082.984541
4105.757043
4124.031528
4132.241022
4136.942941
4164.820348
4167.770784
4198.903672
4206.826303
4230.323957
4249.055468
4267.738143
4291.924827
4334.394669
4357.043109
4389.085791
4399.449927
4419.458305
4453.827609
4462.276927
4488.150102
4494.303039
4506.053771
4521.638490
4525.398550
4586.003657
4592.221662
4635.279999
4646.738851
4677.434279
4694.961288
4706.290481
4720.294925
4730.984550
4767.527430
4791.696767
4803.961693
4805.060604
4878.165698
4904.988372
4915.546093
4930.125303
4930.919461
4953.249527
4990.782888
5011.258221
5011.450666
5028.697922
5036.190729
5050.955636
5061.925082
5067.535218
5087.529953
5129.560713
5144.905805
5164.071697
5207.892417
5246.124864
5288.498924
5300.504154
5320.709697
5339.166548
5359.111860
5377.766731
5390.247342
5396.297053
5439.850025
5464.778538
5469.841587
5515.360532
5540.226302
5566.368132
5571.642276
5592.506343
5609.743189
5618.783422
5619.341489
5645.535150
5684.850974
5700.760477
5754.889479
5759.398285
5782.676210
5795.839337
5832.230339
5846.022365
5867.974051
5868.137735
5885.788443
5897.824445
5957.111622
5973.776674
6006.231179
6017.655616
6105.851467
6126.440989
6167.439229
6174.026568
6207.191407
6236.185163
6292.195517
6331.802444
6334.049492
6362.369551
6377.090552
6405.371460
6420.486162
6425.075045
6463.652580
6506.888122
6507.565607
6550.246354
6575.918751
6610.551175
6636.346849
6644.606116
6678.730082
6762.910607
6769.968859
6804.566460
6820.666880
6834.684424
6846.022294
6855.974708
6960.605445
6969.455183
6995.456737
7041.084003
7050.234887
7064.343342
7098.569801
7113.324987
7132.626521
7166.361170
7167.102134
7200.711574
7206.085328
7223.595414
7260.359383
7283.524789
7297.928619
7300.041729
7333.118739
7365.677204
7394.697283
7463.610012
7468.353014
7496.148893
7504.848366
7526.908245
7528.566025
7558.035656
7567.265536
7579.362260
7588.212916
7605.169949
7645.169219
7685.462024
7691.916763
7724.314177
7728.892510
7801.611102
7805.365677
7839.831379
7843.509229
7850.623978
7877.929272
7916.928179
7921.094616
7954.676718
8001.157210
8030.151325
8038.101736
8041.602491
8063.143882
8067.313704
8089.155091
8115.596025
8138.980499
8140.902250
8166.463955
8206.620316
8216.354155
8240.722467
8244.443947
8248.534133
8266.189130
8291.192393
8291.579323
8340.274483
8347.813051
8375.995437
8390.540611
8414.415471
8415.588051
8418.856620
8461.901800
8491.718526
8517.670974
8543.516143
8575.762694
8607.431806
8648.620600
8676.205390
8719.729963
8733.525367
8757.891561
8763.979332
8785.755815
8795.932436
8841.950549
8845.508327
8887.626791
8889.103130
8898.751745
8983.666406
8988.401683
9016.496567
9049.412468
9051.302094
9090.952215
9110.988435
9115.191742
9130.980896
9142.385100
9169.552942
9179.749720
9206.193721
9208.722767
9238.927958
9246.630537
9282.393907
9303.578317
9321.778413
9336.531279
9351.559671
9358.907755
9386.597581
9402.738907
9436.543432
9470.683903
9566.555648
9571.821489
9606.299735
9641.236739
9642.007454
9656.029088
9680.440772
9694.169128
9718.794965
9731.303826
9744.132427
9779.970297
9835.874791
9849.284665
9884.110204
9913.160609
9919.102066
9951.784260
9954.602248
9989.883222
9990.236700
10004.234375
10024.256339
10059.075351
10069.170595
10085.337316
10125.301617
10127.790380
10161.596474
10166.872004
10185.071370
10223.721888
10229.431269
10262.887458
10328.972101
10360.835467
10373.251030
10378.681013
10392.468386
10409.920063
10446.345113
10464.982625
10481.996760
10508.241849
10519.318709
10550.649693
10637.916847
10656.744742
10680.618046
10690.065643
10702.215405
10723.245646
10724.134706
10731.313555
10760.359515
10765.046133
10817.488797
10823.283399
10845.294045
10849.768266
10891.072725
10927.514881
10954.403004
10981.397053
11008.206021
11013.382818
11034.699121
11060.754406
11086.451876
11092.836800
11112.580781
11132.095352
11136.829312
11164.939548
11199.195549
11209.609839
11230.473942
11247.136041
11261.321761
11265.751251
11290.437613
11315.671105
11323.444325
11325.046683
11359.874881
11366.110893
11388.599528
11416.844481
11494.773264
11520.447679
11544.226236
11581.812583
11599.784006
11623.585816
11652.650404
11658.222413
11706.800518
11765.729180
11770.268206
11788.146670
11802.614119
11816.206917
11840.029197
11844.540012
11847.367423
11873.695905
11902.991910
11915.102110
11924.689648
11933.007389
11952.508459
11990.730368
11992.735199
12003.844456
12023.224313
12029.738542
12044.267712
12067.370111
12085.388825
12106.603923
12126.272834
12145.562732
12184.605470
12209.698461
12211.991738
12244.537259
12251.916181
12276.854208
12292.958812
12302.677348
12335.509493
12376.304753
12420.101020
12444.540706
12496.182552
12512.262876
12546.086531
12580.804447
12590.541182
12648.893514
12675.538157
12682.606809
12717.524083
12722.064187
12761.213610
12787.598230
12803.504635
12830.480089
12845.202952
12866.717062
12892.469480
12926.853586
12936.279660
12962.199247
12970.990089
13005.335399
13008.734059
13031.616604
13048.351665
13065.763943
13169.351305
13203.535628
13204.898578
13233.846115
13236.997332
13243.470339
13358.077377
13390.064490
13395.507237
13452.006216
13497.690268
13529.282202
13542.947011
13544.731501
13591.101578
13608.151909
13671.279985
13681.412222
13690.620040
13711.601668
13736.860391
13769.624495
13769.809069
13802.396888
13805.773318
13826.315155
13836.304979
13854.650940
13870.218081
13883.232002
13937.233163
13939.135727
13960.536117
14001.082148
14041.091472
14042.017665
14066.645060
14079.909130
14092.775602
14143.859940
14168.385643
14190.270843
14208.671256
14219.148518
14227.263781
14250.264888
14265.539615
14268.064892
14292.797030
14318.287414
14335.035019
14343.325118
14393.613114
14418.024727
14419.457422
14444.231951
14456.581696
14463.045067
14496.111110
14550.495388
14573.127161
14625.752722
14638.253590
14651.742538
14681.282182
14729.632954
14765.157543
14768.557542
14791.277963
14806.803058
14807.234672
14819.022279
14845.381910
14848.041487
14849.406982
14884.376790
14890.900420
14922.441144
14935.307049
14960.843099
14973.405544
15012.793994
15024.655764
15054.811338
15072.715357
15085.372699
15092.210208
15108.746236
15131.352041
15169.283698
15179.946761
15211.170331
15214.837571
15243.551389
15245.895807
15277.064820
15284.089238
15353.295227
15395.885903
15411.485959
15445.723757
15507.862679
15544.846570
15547.394522
15550.587150
15581.870755
15583.163981
15614.323782
15614.947779
15618.963645
15649.384639
15677.073380
15695.007501
15707.690270
15732.395706
15738.768727
15754.497557
15769.377918
15788.524209
15808.210688
15824.103003
15831.613693
15846.839516
15862.041098
15884.837304
15893.794412
15928.675350
15956.427102
15962.052798
15963.374930
16051.030530
16084.915396
16098.641230
16117.116273
16126.569574
16167.282049
16168.323203
16209.833314
16234.967761
16285.587538
16333.398296
16337.453301
16366.189538
16422.817536
16431.127564
16461.299088
16526.846348
16534.520660
16595.596947
16608.956316
16619.436278
16637.883595
16649.826881
16686.005086
16724.297117
16724.325334
16738.481107
16795.680154
16876.981791
16915.738596
16934.631946
16954.670992
17069.587937
17095.292490
17116.959843
17133.443334
17143.597769
17147.064661
17172.741538
17249.668927
17261.961533
17268.114279
17293.132747
17300.050833
17324.930529
17337.625685
17361.536974
17368.387103
17375.362122
17393.618573
17412.127782
17418.597223
17435.804423
17443.752173
17449.327468
17485.236133
17494.500400
17520.607937
17546.872815
17548.067812
17573.586460
17626.284567
17652.445058
17660.503437
17697.706065
17727.316750
17733.388707
17735.687394
17759.765814
17773.129445
17792.455078
17818.251006
17825.306039
17875.775479
17889.070458
17904.773480
17953.142892
17993.088955
18046.229996
18046.911410
18053.280568
18084.478266
18087.180198
18108.970106
18115.521700
18127.609986
18169.623639
18172.326605
18203.455337
18254.332147
18266.668935
18309.024463
18337.815605
18360.075420
18375.776739
18380.253446
18391.866527
18425.258366
18444.372876
18458.093436
18464.761080
18507.393414
18548.553102
18559.265430
18593.152361
18593.743107
18628.760859
18663.409823
18756.871139
18771.041144
18790.846518
18805.283198
18825.073473
18846.892719
18859.664522
18880.262398
18917.863051
18955.382937
18969.891964
18992.810340
18998.582323
19010.678797
19031.410127
19032.840829
19067.059029
19069.455592
19107.969826
19147.108751
19168.051316
19171.334707
19186.498265
19205.944157
19206.664518
19239.272872
19273.635953
19284.200218
19306.613415
19358.613310
19383.231988
19395.942361
19405.167281
19436.751610
19468.183557
19497.782197
19499.979123
19574.495779
19593.216409
19612.588564
19620.028185
19623.003583
19650.289771
19653.833119
19657.523190
19683.971397
19732.501597
19760.804391
19771.297526
19797.813544
19810.476471
19849.521123
19854.342668
19869.211395
19882.149125
19905.370920
19909.688884
19937.284853
19967.865141
19990.426198
20042.684148
20048.187707
20067.994590
20076.173926
20130.841969
20142.429734
20172.079941
20175.122870
20196.590288
20247.098317
20256.540933
20270.212660
20272.739387
20301.110839
20322.052799
20384.556617
20398.581391
20424.202309
20425.303034
20449.992962
20470.061574
20475.611932
20487.257841
20551.529409
20555.448349
20580.639804
20597.948002
20640.605610
20643.722980
20676.359820
20683.269506
20708.637649
20726.839981
20740.869183
20764.272537
20769.385521
20811.768155
20852.823222
20873.592056
20934.641060
20943.034275
20964.962840
20977.316745
20977.502922
20994.657305
21017.323193
21025.297692
21056.303375
21083.297921
21086.855784
21118.013217
21119.762069
21150.038532
21155.624075
21172.490698
21181.400771
21192.992667
21250.583586
21266.724068
21278.043452
21342.382766
21363.753038
21375.672350
21380.998738
21419.654361
21443.361169
21475.273765
21477.587921
21511.566577
21513.290902
21545.995917
21550.780571
21574.736435
21580.412898
21588.347575
21615.114838
21650.357984
21653.374283
21692.935721
21700.564854
21720.720885
21755.084948
21770.810541
21789.958830
21853.367350
21859.907705
21885.825861
21923.163023
21929.992054
21931.231767
21961.715273
21970.955559
22034.837231
22052.010786
22093.246715
22102.928684
22110.048619
22136.285662
22171.631912
22182.634085
22205.488904
22218.100335
22238.827359
22254.463013
22288.977514
22300.668159
22384.906837
22490.653574
22555.236427
22562.371875
22593.988119
22598.788679
22619.599503
22623.153251
22642.289013
22651.699569
