20.234491
31.595709
54.588886
62.124360
67.436016
71.273755
94.489758
94.882454
110.148955
117.450788
126.673058
132.514579
156.800891
165.124232
186.957809
198.621760
216.554149
219.590314
220.347355
245.217285
248.088381
251.555858
263.453786
276.012493
283.479306
306.963517
314.527186
331.112008
331.772608
347.211675
378.844660
387.262629
395.249113
398.069848
408.718201
414.339400
439.320547
441.147450
465.114607
470.789698
496.275975
499.822735
530.070061
532.046929
532.294650
546.290715
550.837187
562.341538
592.847740
601.258610
604.351797
623.798384
648.062990
655.765332
660.236551
668.699060
685.925035
695.137607
715.736643
717.653557
734.896072
747.084747
748.570797
751.031907
770.892864
775.310940
780.064990
791.048591
801.213606
808.219116
809.765875
826.315310
840.135850
847.993130
858.498393
868.642603
870.539020
880.780036
890.680054
900.388819
905.319485
915.216863
930.710779
936.230660
937.129686
962.356465
990.973243
993.554104
1004.816470
1007.912112
1007.958380
1020.459294
1024.362279
1045.666715
1056.485134
1056.505677
1068.545660
1070.227477
1086.946549
1098.835625
1104.684560
1117.483353
1117.653737
1135.674053
1147.372015
1153.726433
1176.343183
1177.512661
1182.955157
1188.385461
1203.689624
1207.092630
1209.370699
1216.599094
1238.137546
1264.119756
1268.652528
1272.210309
1298.798799
1319.138005
1330.683281
1339.525156
1362.258393
1374.533851
1394.991320
1408.142627
1418.991899
1426.167380
1429.552060
1456.312080
1469.691846
1475.389195
1483.973099
1488.031261
1519.225023
1539.264975
1541.244982
1543.929316
1547.650707
1549.862052
1573.260590
1578.689560
1594.803339
1602.867437
1609.503765
1610.586904
1640.252772
1649.870325
1670.983771
1671.156368
1676.661180
1684.388490
1700.964462
1705.140801
1707.017336
1724.116380
1732.799559
1743.694902
1760.286960
1764.161944
1795.429663
1810.795228
1816.673385
1826.239810
1850.405508
1856.137883
1867.220884
1871.869889
1877.565803
1882.088934
1887.097725
1917.604456
1925.803256
1946.692414
1948.640270
1953.279803
1979.018336
1979.924433
1991.217000
2011.252371
2012.995986
2034.710616
2042.284560
2073.282902
2075.202498
2080.211865
2088.571333
2102.966483
2133.019645
2142.407904
2147.853725
2164.667188
2194.026412
2196.407702
2214.441679
2225.637697
2235.055562
2251.647045
2255.870831
2281.343334
2287.077530
2306.733890
2310.622987
2317.047052
2347.530089
2349.563581
2350.383440
2361.540207
2374.801703
2381.766444
2411.428946
2414.309989
2417.318663
2419.159259
2431.081736
2442.910770
2452.809138
2467.641813
2471.416218
2475.525544
2481.771825
2506.644206
2526.407461
2537.681224
2547.055164
2548.603987
2570.003293
2581.893132
2585.859704
2599.193951
2614.265956
2629.933699
2638.020904
2652.825759
2660.029731
2681.352598
2690.876796
2694.341712
2723.046560
2749.503072
2750.431416
2753.288325
2760.000134
2784.959960
2805.755169
2816.695978
2817.223541
2844.260100
2849.337607
2855.147050
2857.714207
2859.859154
2861.770146
2882.172894
2885.168780
2911.639726
2915.197076
2941.382999
2947.030685
2953.085669
2967.775070
2968.969719
2970.739443
3000.648905
3019.624812
3022.041927
3030.483909
3034.197065
3062.566602
3077.087722
3086.536105
3088.887123
3092.668547
3124.244795
3132.957301
3147.165178
3153.645808
3155.726896
3160.373927
3186.539732
3188.283062
3188.377327
3214.797116
3218.034777
3218.591190
3242.461795
3248.510925
3273.829339
3279.783990
3286.703892
3297.306818
3302.056603
3311.184815
3331.528513
3331.859880
3342.083911
3344.957828
3352.773271
3353.602363
3363.934856
3372.693039
3385.759402
3394.578901
3404.480849
3409.671264
3419.963051
3435.133174
3446.304323
3453.489134
3462.803348
3465.929423
3482.938590
3488.164776
3496.915812
3519.347253
3529.067864
3544.539729
3554.279000
3561.006917
3573.212959
3592.637647
3621.625273
3624.389866
3627.690333
3642.690653
3654.012040
3682.523744
3684.382644
3686.602344
3689.160747
3690.630794
3717.686461
3717.894695
3738.490963
3748.180424
3755.363393
3779.895138
3790.707800
3793.271202
3795.141454
3810.451884
3822.601333
3841.589386
3849.982233
3866.058611
3872.293532
3890.914306
3902.009652
3903.503038
3904.066491
3929.861361
3931.268446
3940.239904
3956.958104
3959.523643
3959.756093
3969.088033
3990.700075
4014.254392
4021.695166
4024.375699
4052.851354
4063.104352
4070.906905
4082.800059
4083.104196
4091.363999
4110.723554
4114.239888
4125.874461
4146.090239
4158.869004
4177.719670
4180.883653
4186.855621
4210.619652
4225.908508
4234.999982
4240.936748
4251.121021
4273.555502
4289.590014
4293.039752
4304.927132
4318.931368
4320.414379
4336.554036
4343.535166
4354.767639
4359.157621
4367.529462
4397.928755
4398.282836
4400.560936
4425.467991
4428.698402
4432.729602
4453.984765
4460.987662
4490.482645
4491.861316
4509.906676
4524.021746
4555.297758
4557.945604
4558.520687
4563.843385
4586.612335
4609.402583
4617.553069
4619.283388
4627.293591
4649.281599
4673.876899
4680.216238
4694.380343
4704.683009
4711.846125
4728.291489
4742.939260
4744.397608
4746.742889
4758.237328
4760.557011
4761.369966
4773.966851
4783.181043
4804.401476
4816.640311
4827.292589
4835.036097
4838.930892
4866.782537
4893.713936
4893.921138
4896.393602
4927.368948
4936.739043
4947.609467
4959.018466
4960.372358
4960.946696
4971.091774
4991.856086
4992.879847
5000.330534
5003.329874
5010.909124
5023.511102
5029.249529
5054.799362
5059.117971
5084.569731
5087.457868
5095.704324
5104.924436
5114.564624
5115.533604
5145.526553
5149.171838
5161.987190
5170.386725
5175.682856
5206.653982
5225.700615
5230.357059
5236.724229
5268.626514
5279.484944
5297.734443
5300.514230
5331.945097
5334.564290
5334.846069
5338.269342
5342.640794
5363.032228
5365.566059
5388.181087
5391.451651
5422.778834
5432.306380
5443.099222
5447.862026
5452.652600
5465.028906
5475.683139
5483.354205
5486.397788
5499.234013
5499.629363
5514.312455
5543.912354
5555.226075
5565.059953
5575.131836
5605.624284
5608.941077
5631.355196
5634.576555
5657.492363
5662.266891
5663.628615
5666.741372
5669.545945
5696.871741
5699.447074
5705.105728
5715.991907
5716.351025
5727.779175
5753.489987
5754.429857
5757.680044
5765.917370
5771.835848
5777.621792
5780.856117
5785.343963
5789.812071
5797.725113
5819.807869
5826.475011
5834.203846
5834.910788
5850.100550
5871.570643
5882.017698
5882.529400
5883.382436
5902.833592
5913.033508
5937.803685
5943.367460
5969.303920
5975.815960
5992.149609
6007.281514
6015.390850
6036.511607
6036.754745
6046.351757
6067.074371
6074.652474
6099.333642
6100.694885
6105.362040
6105.874579
6129.255217
6130.576767
6141.106893
6147.352754
6149.667839
6154.726788
6160.949870
6173.900827
6179.285164
6183.652978
6191.527947
6207.890593
6223.850936
6229.219546
6239.128221
6241.697911
6256.169339
6261.727809
6285.231244
6294.590526
6307.833628
6309.352983
6317.281684
6318.027633
6351.977605
6370.757228
6375.834108
6384.284284
6417.417065
6425.825555
6442.254357
6448.504552
6463.784570
6479.454285
6482.287294
6508.391472
6509.449681
6537.228692
6540.171030
6541.814862
6545.283005
6550.333452
6551.108570
6571.455309
6575.687064
6591.226149
6591.818016
6601.203928
6633.518082
6641.719029
6648.279328
6649.558988
6665.426108
6687.424931
6697.074147
6705.008789
6707.614575
6724.673748
6728.788995
6756.158159
6760.519816
6760.695134
6774.971160
6781.252170
6791.667848
6806.361595
6814.049066
6823.710767
6841.677086
6854.408597
6867.859345
6882.968698
6886.016555
6908.141719
6917.123347
6917.145718
6922.410921
6934.975576
6947.985830
6974.173629
6976.417762
6979.291187
7012.760730
7030.921142
7031.063186
7034.030018
7035.700553
7041.132873
7044.968652
7060.611246
7072.197953
7076.132664
7085.995696
7108.742208
7109.320026
7113.042449
7141.433752
7142.103450
7174.119210
7177.059072
7181.724635
7195.486245
7196.472856
7205.452341
7233.975818
7237.363674
7244.825025
7250.421038
7267.610150
7297.586902
7299.956950
7304.572350
7312.726798
7328.386506
7360.607469
7360.642014
7364.628938
7378.725878
7390.802258
7412.828099
7416.247953
7419.886946
7446.394442
7450.750456
7462.674496
7471.926197
7481.463846
7513.446882
7514.746730
7527.021500
7546.869294
7578.076111
7580.605237
7582.616208
7596.925084
7602.193894
7604.871320
7609.309214
7638.036472
7639.361787
7647.754989
7655.049896
7668.251560
7691.231926
7698.787780
7714.669821
7729.704212
7744.780217
7761.304977
7768.214409
7782.466235
7794.451625
7800.552211
7825.459230
7850.239200
7856.542697
7856.850670
7887.385317
7911.916810
7917.098336
7918.660518
7941.616426
7950.048688
7966.587354
7978.037617
7980.819922
7984.479670
8011.267365
8021.738716
8035.545000
8042.849699
8046.656435
8051.184432
8073.186388
8074.640594
8104.736142
8117.040563
8130.993253
8134.660486
8137.528990
8166.175365
8178.819308
8185.403256
8185.907769
8186.150947
8196.581726
8202.161441
8203.365702
8228.347344
8240.848827
8242.186603
8251.777483
8259.785157
8260.440681
8263.071819
8291.162617
8297.239829
8320.083323
8323.035961
8352.253957
8354.450716
8385.429033
8386.024400
8402.044347
8407.162756
8417.249700
8425.323811
8447.368862
8450.776558
8462.413216
8478.417567
8511.585626
8517.250949
8518.632204
8518.686340
8542.266411
8542.735980
8569.488988
8573.091686
8575.431942
8584.290735
8605.506387
8627.508633
8635.892764
8651.669204
8667.032744
8680.751160
8696.958922
8714.209909
8717.997019
8724.456298
8727.525541
8734.506687
8748.279181
8759.647501
8778.320554
8785.331942
8790.245629
8790.742737
8792.805965
8814.245425
8821.038632
8832.786143
8846.526535
8850.837429
8853.680887
8860.894351
8882.581949
8891.569734
8902.044114
8913.820324
8921.405376
8944.576157
8956.905714
8957.625387
8974.969183
8978.702239
8984.460670
8987.107707
9004.966886
9010.973906
9036.243294
9054.901128
9065.262770
9069.540473
9100.052536
9100.092332
9120.157424
9121.477256
9132.578182
9141.074697
9163.604559
9176.097243
9188.067102
9194.845863
9211.487336
9222.648870
9225.052821
9229.488885
9254.529587
9256.297344
9282.811181
9285.585903
9286.999313
9316.833526
9321.417323
9332.574693
9336.290494
9348.492933
9378.111905
9379.494319
9386.015050
9388.966717
9391.446505
9396.828705
9410.461851
9442.337570
9446.147926
9457.441834
9471.981797
9501.243674
9501.825071
9523.354214
9532.561229
9545.020442
9556.485499
9565.721462
9588.296045
9590.109165
9597.134084
9610.395212
9612.395192
9626.540545
9657.001842
9659.352378
9667.933891
9672.960936
9674.871976
9689.726786
9721.496541
9721.919084
9722.204308
9743.244181
9752.960542
9753.764699
9776.488415
9783.922279
9791.193399
9808.349072
9815.228132
9830.147032
9846.230558
9846.410543
9856.966728
9868.105194
9874.876962
9884.674444
9906.763340
9907.764675
9923.196833
9937.671040
9937.678837
9945.369591
9960.402246
9966.468009
9969.673320
9990.819192
9993.070968
10000.576899
10031.685249
10046.257677
10058.492269
10061.950997
10093.400310
10099.619635
10124.717210
10127.919948
10155.445950
10155.771415
10187.061504
10194.143417
10199.647082
10211.898828
10218.380415
10249.740291
10261.624165
10268.897242
10279.717820
10281.944438
10288.240686
10297.790685
10304.221525
10311.377492
10323.320253
10328.254467
10330.763883
10342.186633
10363.014914
10373.402407
10377.347816
10394.274814
10406.431760
10420.734751
10432.024525
10436.871206
10462.791484
10467.333512
10485.784455
10499.767185
10507.967964
10529.365564
10530.182702
10540.147332
10559.091979
10584.112411
10589.489176
10595.899399
10596.504505
10606.089571
10620.481259
10645.844657
10649.808297
10650.215269
10663.151806
10679.924085
10703.480936
10710.125473
10725.497376
10730.235926
10740.805751
10760.209976
10772.833431
10778.605335
10782.912088
10791.861041
10796.295697
10802.543177
10815.902290
10833.461371
10835.696291
10861.179705
10862.770282
10871.226312
10873.319632
10893.313748
10924.828580
10926.218752
10928.469601
10956.911372
10957.040575
10980.199527
10981.684873
10988.161347
10996.197679
11018.762898
11033.977281
11049.265031
11053.929763
11058.631598
11064.390474
11069.497993
11074.870607
11078.816832
11090.572157
11108.632273
11118.573544
11131.089861
11134.878523
11138.502478
11145.998207
11170.215752
11193.971373
