45054
59718
90054
119742
135211
179953
180161
225232
239944
270386
299952
315480
359952
360615
405686
419932
450741
480156
495699
540146
585523
599972
630497
659895
675494
719864
720215
765397
779807
810398
839831
855480
899868
900610
945721
959757
1019789
1035620
1079945
1080604
1125615
1170586
1199950
1215479
1259960
1305416
1320195
1350340
1380294
1440102
1440226
1485221
1500337
1560456
1575253
1620257
1620323
1665188
1680345
1710180
1755115
1800259
1800638
1845236
1860848
1890245
1920817
1935265
1980265
2025286
2041160
2070333
2101193
2115171
2160191
2161251
2205263
2221163
2250294
2281171
2295351
2340349
2341199
2385181
2401234
2430107
2461133
2475169
2520193
2521164
2565012
2610172
2655198
2700239
2701597
2745207
2761319
2790323
2835231
2880112
2881338
2941364
2969909
3001377
3014747
3059943
3061527
3105071
3121538
3149819
3181561
3194665
3239786
3241558
3284750
3301530
3329641
3361541
3374781
3419860
3464794
3481531
3509808
3541507
3554756
3599535
3601555
3644452
3661577
3689515
3721468
3734450
3779401
3781397
3824380
3841437
3901493
3914407
3959473
3961472
4021396
4049436
4081549
4094533
4139483
4141486
4184501
4201499
4229479
4261510
4274486
4319511
4321486
4364625
4381557
4409505
4441735
4454629
4499487
4501698
4544477
4561752
4589511
4621677
4679586
4681546
4741584
4769582
4814733
4859667
4861683
4904660
4921726
4949456
4981691
5039675
5041774
5084732
5101589
5161551
5174793
5219880
5221519
5264884
5281573
5309797
5341624
5399732
5401429
5461361
5489820
5521325
5534947
5579799
5581231
5624773
5641370
5701283
5714896
5759925
5761371
5804933
5821406
5849728
5881422
5894680
5939513
5941409
5984336
6001564
6029380
6119606
6121635
6164536
6181613
6209610
6241653
6254411
6299350
6301633
6344302
6361775
6389152
6434294
6479126
6481552
6524093
6541492
6569087
6601486
6614164
6658954
6661525
6703869
6721430
6748936
6781396
6793920
6839075
6841467
6884078
6901642
6929071
6961589
6974230
7019142
7021649
7064145
7081575
7141510
7154279
7199310
7201509
7244341
7261363
7289354
7321393
7379390
7381407
7424496
7441406
7469489
7501372
7514494
7559485
7561450
7604488
7621384
7649312
7681454
7694264
7739256
7741501
7784244
7829118
7861543
7874208
7919199
7921435
7964201
7981405
8009150
8041281
8054232
8099296
8101297
8161201
8189394
8221000
8234328
8279214
8281056
8324278
8341088
8369314
8401101
8414434
8459706
8461072
8504597
8521090
8549682
8581039
8594758
8639807
8641035
8684849
8701093
8729702
8760951
8774547
8819341
8820796
8864258
8880912
8909251
8940703
8954258
8999217
9044075
9060769
9089193
9120775
9134177
9224105
9240853
9269055
9300768
9313773
9358830
9360815
9403710
9420806
9448637
9480822
9493750
9538577
9540933
9583741
9719015
9721188
9763809
9781408
9808882
9898790
9901434
9943897
9961550
9988826
10021434
10033858
10078864
10081514
10123872
10141486
10169099
10201478
10213993
10261360
10303979
10321236
10349031
10381354
10394048
10438976
10441412
10483952
10501345
10528917
10561189
10618913
10620997
10663965
10680828
10708977
10740816
10754009
10798966
10800976
10861016
10920938
10934275
10979369
10981115
11024276
11041131
11069486
11101055
11114570
11159556
11161037
11204631
11220997
11249547
11281109
11294663
11339670
11341190
11384721
11401100
11429675
11474769
11519913
11520959
11564755
11580925
11609832
11640995
11654763
11699917
11700779
11744938
11760846
11789961
11821024
11879747
11881019
11924828
11940897
11969867
12000938
12014861
12060016
12060916
12105080
12150080
12180813
12195087
12240841
12285423
12300961
12330308
12360890
12375248
12420300
12420860
12465310
12480806
12510322
12540978
12555200
12600134
12600914
12645163
12660915
12690184
12720797
12735202
12780254
12825178
12840877
12870341
12900919
12915504
12960561
12960889
13005588
13020750
13050569
13080845
13140532
13140962
13185686
13200981
13230573
13260877
13275469
13320350
13320867
13365151
13380776
13410130
13440752
13455173
13500281
13500832
13545296
13560735
13590252
13620656
13635245
13680162
13680457
13725198
13740279
13770057
13800248
13815292
13860040
13860244
13920043
13950229
13980156
13995295
14040027
14040396
14085429
14099846
14130439
14160034
14175500
14219890
14220415
14265449
14279758
14310330
14339710
14355427
14399716
14400517
14445446
14459741
14490471
14519788
14535544
14579912
14580518
14625499
14639794
14699812
14715327
14759959
14760254
14805196
14819703
14850278
14879750
14895257
14939844
14940199
14985205
14999769
15075343
15119863
15120335
15165184
15179788
15210046
15239864
15299730
15300202
15345328
15359578
15390191
15419662
15435186
15479599
15480253
15525282
15539594
15570322
15599587
15615391
15659484
15660204
15705190
15719315
15750185
15779373
15795223
15839435
15840174
15885180
15899578
15930141
15959731
15975251
16019906
16020378
16065386
16080016
16110292
16139984
16155301
16199911
16200355
16245346
16259937
16290542
16319777
16335464
16379968
16380283
16425354
16470261
16499964
16515229
16560145
16560166
16605110
16620277
16650030
16680359
16695070
16739986
16740220
16784788
16800215
16829792
16860179
16874885
16919776
16920168
16964819
16980089
17039912
17054895
17099755
17099929
17144872
17159889
17219904
17234983
17279859
17280064
17325024
17339826
17370092
17399961
17459884
17459908
17504896
17519947
17549924
17579982
17595071
17640170
17685199
17699899
17730085
17775135
17819883
17819965
17864851
17880152
17909844
17940107
17954849
17999714
18000236
18060101
18089635
18120189
18134737
18179743
18180151
18224577
18240218
18269508
18300177
18314360
18359284
18360243
18404203
18420215
18449082
18480247
18494158
18539052
18583834
18600285
18628912
18660288
18673877
18718938
18720277
18764085
18780469
18808998
18840357
18853893
18898895
18943822
18960407
18989015
19020532
19034046
19080479
19124073
19140606
19200629
19214175
19259134
19260731
19304050
19320880
19349043
19394133
19439097
19440952
19484115
19500995
19529102
19574191
19619114
19621226
19664042
19681198
19709227
19741083
19754053
19799056
19801261
19888941
19921144
19933880
19978753
19981228
20023672
20041199
20068819
20101175
20113816
20161218
20203799
20220992
20248809
20281031
20293934
20341067
20383900
20401029
20428815
20461020
20473780
20518619
20521067
20563658
20581273
20608584
20641198
20653633
20698594
20701216
20743567
20761146
20788864
20821348
20833848
20878960
20881268
20924062
20941241
20968932
21001356
21014017
21059117
21061421
21104015
21121448
21148932
21181345
21193819
21238776
21241257
21283912
21301056
21328814
21361143
21418916
21421103
21480985
21508858
21540873
21553988
21599037
21600994
21644105
21661128
21720923
21734090
21779175
21780838
21824045
21840854
21869290
21900752
21914461
21960716
22004258
22049335
22080866
22094233
22139151
22140926
22184262
22200923
22229364
22260911
22274465
22319482
22364305
22380776
22499200
22500667
22544328
22560546
22589214
22620452
22634193
22679254
22724310
22740752
22769373
22800817
22814544
22904513
22920698
22949456
22994409
23040816
23084392
23100712
23129428
23160592
23174476
23219661
23220602
23264638
23280585
23340835
23354593
23399719
23400861
23444718
23460888
23489770
23520687
23534685
23579594
23580490
23624467
23640475
23669315
23700613
23714470
23759366
23804570
23820697
23849524
23894659
23939515
23940621
23984551
24000633
24029452
24060454
24119570
24120475
24164515
24180529
24209592
24240623
24254779
24300742
24344896
24360965
24389994
24420951
24435123
24480071
24480834
24525150
24540928
24570166
24600974
24615272
24660169
24660911
24705076
24721060
24750082
24795125
24840202
24840964
24900959
24930293
24960927
24975357
25020372
25021137
25065533
25081216
25110459
25141071
25200306
25200954
25245206
25261007
25321285
25335222
25380038
25381259
25425125
25441255
25470044
25501223
25560136
25561475
25605188
25621501
25650156
25740317
25741235
25785349
25801306
25830291
25875259
25921238
25965585
25981181
26010444
26041076
26055323
26100303
26101144
26145281
26161076
26190400
26221070
26235256
26280115
26281110
26324959
26341132
26401106
26414833
26459903
26461092
26504879
26520959
26549818
26581000
26594880
26639990
26640868
26684903
26700980
26729891
26761092
26774786
26819730
26821112
26864859
26881099
26940935
26999894
27000898
27044758
27060870
27089740
27120839
27134902
27179908
27180830
27224936
27240804
27269919
27300728
27314801
27359867
27360653
27404791
27420502
27449845
27480538
27494825
27539702
27540669
27584739
27600709
27660813
27674654
27719720
27764599
27780958
27809664
27840948
27854756
27899826
27900797
27945093
27990024
28020617
28035079
28079981
28080724
28124929
28140788
28169999
28200665
28215045
28260134
28260740
28305131
28320674
28350174
28380502
28395202
28440134
