45034
59972
90064
120068
135125
180023
180133
224967
239960
269958
300045
314995
359844
359944
404924
419892
449939
480102
495084
540032
540451
585438
599960
630356
660055
675254
720015
720215
765370
779976
810267
839877
855541
899917
900437
945471
959924
990300
1019817
1035164
1079761
1080185
1125101
1139664
1170249
1199561
1215187
1259566
1260280
1305220
1319615
1349856
1379775
1394970
1439857
1440013
1485000
1499860
1529979
1559806
1575087
1619603
1619935
1664917
1679325
1710018
1739308
1754935
1799373
1799952
1844927
1859533
1889978
1919512
1934840
1979411
1979923
2024756
2039314
2069836
2099339
2114843
2159541
2159868
2204715
2219528
2249747
2279385
2294745
2339231
2339725
2384592
2399360
2429759
2459357
2474871
2519331
2519974
2565071
2579287
2609897
2639303
2654806
2699264
2699920
2745129
2759181
2790169
2819183
2835169
2879128
2880249
2925184
2939239
2970151
2999303
3015021
3059425
3060038
3105011
3119386
3150128
3179349
3195266
3239398
3240195
3285105
3299303
3330113
3359401
3375134
3419461
3420042
3464977
3479438
3509989
3539378
3554977
3599198
3599999
3644772
3659042
3689767
3718957
3734719
3779046
3779678
3824675
3839114
3869660
3899165
3914695
3959086
3959753
4004717
4019082
4049677
4079195
4094520
4139198
4139545
4184427
4199115
4229359
4258894
4274337
4318935
4319221
4364326
4378905
4409336
4438851
4454396
4498620
4499406
4544438
4558604
4589404
4618608
4634357
4678728
4679511
4724631
4738855
4769677
4798855
4814660
4858825
4859577
4904415
4918884
4949538
4978860
4994525
5038914
5039608
5084756
5098985
5129610
5158888
5174533
5218890
5219504
5264434
5278922
5309313
5338864
5354321
5398660
5399271
5444208
5458728
5489210
5518511
5534238
5578636
5579149
5624134
5638690
5669045
5698901
5714021
5758994
5759063
5804051
5818979
5848999
5878877
5893826
5938833
5938960
5983789
5998795
6028809
6058797
6073905
6118772
6118932
6163830
6178679
6208737
6238803
6253759
6298681
6298840
6343687
6358841
6388590
6418747
6433637
6478588
6478943
6523540
6538876
6568327
6598893
6613284
6658295
6658753
6703285
6718677
6748309
6778555
6793517
6838337
6838474
6883274
6898339
6928459
6958457
6973530
7018563
7018634
7063672
7078530
7108748
7138720
7153716
7198528
7198812
7243644
7258532
7288686
7318557
7333796
7378628
7378852
7423877
7438642
7468966
7498543
7513960
7558554
7558927
7604038
7618764
7648816
7678691
7693783
7738655
7738892
7783836
7798504
7828848
7858478
7873954
7918551
7919051
7964042
7978746
8008773
8038602
8053804
8098671
8098806
8143654
8158720
8188745
8218729
8233669
8278759
8278810
8323732
8338789
8368825
8398854
8413716
8458619
8458842
8503824
8518527
8548827
8578463
8593637
8638550
8638679
8683731
8698416
8728738
8758371
8773762
8818349
8818871
8863990
8878594
8909011
8938662
8954221
8998612
8999145
9044136
9058547
9089279
9118510
9134316
9178401
9179351
9224315
9238430
9269184
9298466
9314338
9358394
9359173
9404246
9418505
9449365
9478607
9494369
9538558
9539170
9584084
9598467
9629153
9658572
9674070
9718531
9719192
9764276
9778492
9809239
9838684
9854153
9898680
9899176
9944178
9958677
9989182
10018561
10034302
10078517
10079352
10124516
10138295
10169372
10198047
10214262
10257947
10259372
10304225
10317833
10349140
10377773
10394047
10437865
10439072
10484060
10497784
10529171
10557873
10574265
10617785
10619327
10664233
10677847
10709160
10737644
10754125
10797671
10799018
10843875
10857600
10888767
10917527
10933679
10977368
10978732
11023766
11037511
11068706
11097534
11113603
11157570
11158595
11203572
11217653
11248478
11277626
11293435
11337511
11338524
11383472
11397610
11428630
11457586
11473723
11517570
11518790
11563811
11577705
11608657
11637603
11653566
11697579
11698566
11743658
11757536
11788715
11817368
11833768
11877469
11878705
11923598
11937483
11968621
11997427
12013554
12057366
12058473
12103412
12117422
12148526
12177591
12193608
12237399
12238612
12283608
12297474
12328664
12357585
12373684
12417670
12418592
12463505
12477800
12508474
12538031
12553621
12597934
12598617
12643663
12657997
12688632
12718020
12733726
12777974
12778760
12823784
12837976
12868651
12898101
12913706
12958071
12958647
13003775
13018244
13048782
13078298
13093787
13138317
13138721
13183783
13198299
13228703
13258318
13273852
13318264
13319000
13364204
13378448
13409099
13438408
13454094
13498359
13498964
13544045
13558518
13589001
13618402
13633956
13678344
13678950
13724010
13738376
13768953
13798182
13813837
13858188
13858976
13904195
13918199
13949298
13978116
13994269
14038154
14039218
14084207
14098102
14129044
14158035
14174098
14218040
14218931
14263948
14278022
14309048
14338150
14354049
14398050
14399126
14444075
14458006
14489179
14517688
14534272
14577721
14579432
14624372
14637644
14669296
14697637
14714298
14757756
14759314
14804107
14817819
14849006
14877738
14894138
14937735
14939130
14984155
14997810
15029191
15057744
15074207
15117813
15119430
15164396
15178046
15209515
15237867
15254383
15298062
15299526
15344371
15358042
15389303
15417945
15434429
15477693
15479412
15524509
15537713
15569434
15597761
15614543
15657822
15659559
15704522
15717876
15749605
15777771
15794551
15837787
15839570
15884508
15897769
15929536
15957805
15974561
16017816
16019607
16064550