14.705684
27.185608
37.687798
62.880715
91.340281
108.124951
163.637183
191.265723
204.635599
227.390640
239.789738
245.196417
300.139216
372.126244
382.694982
422.230577
463.791622
472.538933
480.467863
499.529770
536.298133
555.733482
562.467528
573.866819
583.673197
604.687435
704.707087
709.869751
733.110468
778.804761
785.312517
810.440378
860.656441
935.619724
950.979914
964.224817
976.813389
1011.984060
1055.584501
1085.362690
1159.513377
1170.714029
1218.998753
1244.028374
1271.573364
1301.258177
1323.744461
1350.653006
1387.862328
1407.849517
1440.367476
1480.914949
1486.071939
1499.751669
1523.597230
1536.079090
1595.495332
1643.074514
1677.217093
1691.160684
1781.718347
1802.449964
1861.126061
1875.144004
1911.692227
1954.348781
1959.180670
1974.221614
2005.338041
2024.891509
2058.501033
2070.457427
2105.038931
2110.942554
2123.641227
2162.628236
2195.709885
2241.993950
2256.160186
2276.288906
2348.715405
2366.462431
2391.651535
2425.974089
2440.564885
2470.114505
2523.146454
2529.820334
2583.447120
2607.182351
2619.924560
2654.727841
2676.513030
2712.803046
2726.966025
2791.105051
2807.320948
2811.515351
2831.306295
2842.620055
2871.190549
2885.553041
2966.595591
2977.409988
2991.013606
3025.820963
3027.035052
3099.207893
3148.697933
3163.394188
3176.540806
3181.812398
3266.282088
3269.078456
3297.246741
3331.551105
3345.167084
3439.855562
3530.285708
3572.400314
3635.080221
3707.380666
3721.275593
3746.573346
3757.275303
3799.014656
3815.092205
3853.072664
3879.587400
3909.461234
3921.937754
3944.171079
4002.163281
4017.031018
4081.945796
4094.078702
4099.386732
4106.037355
4128.333935
4182.538096
4250.169777
4292.764975
4305.290004
4311.630167
4360.515584
4437.756568
4448.333902
4463.893325
4481.389677
4554.348686
4565.101948
4610.479653
4644.156172
4659.837131
4699.945601
4716.660434
4721.539332
4741.506782
4776.071384
4792.951478
4804.724971
4836.575053
4846.824913
4851.618413
4890.003326
4920.694019
4965.604577
4978.289881
5067.721564
5117.529880
5150.157728
5154.136431
5195.759927
5256.039618
5317.249004
5406.199000
5440.891827
5478.617129
5519.428589
5562.106545
5570.149788
5596.418685
5630.995327
5634.754782
5674.894806
5726.791639
5792.664984
5796.265531
5803.791777
5866.977637
5882.608936
5886.804827
5933.353646
5949.922446
6042.840303
6065.369228
6067.385949
6078.724425
6101.378737
6103.547331
6112.707579
6168.599154
6193.528391
6194.261113
6247.238126
6253.313122
6261.972102
6296.023298
6344.396098
6353.228147
6397.333888
6432.741298
6482.178651
6542.167653
6591.134977
6624.731623
6637.511255
6645.887127
6646.608405
6670.905512
6708.410546
6781.309003
6801.952043
6849.928190
6951.849416
6978.302161
6987.863846
7000.552736
7022.943590
7034.156414
7062.234241
7182.279843
7189.783538
7219.372596
7246.026227
7327.888792
7357.670385
7369.847122
7382.993906
7418.656107
7445.527778
7458.101845
7481.820464
7504.860206
7534.012551
7642.233312
7671.368606
7712.181992
7759.159834
7771.472390
7790.565250
7829.969047
7863.381090
7906.091499
7925.048114
7940.252793
7958.563451
7983.412801
7984.208506
8014.946667
8036.486006
8091.570573
8097.557923
8105.612843
8140.833600
8149.071396
8167.699996
8197.155017
8246.396317
8274.956774
8287.662201
8322.105613
8334.130706
8339.725620
8358.684612
8435.674204
8453.980575
8460.808793
8466.857156
8498.276238
8501.809323
8552.332188
8558.808745
8619.161443
8622.354269
8638.156241
8686.380896
8698.998170
8742.638388
8787.431009
8809.291922
8813.276573
8819.227383
8894.216853
8922.290490
8949.576754
8965.835720
9002.865324
9095.943627
9105.036636
9181.304333
9228.036327
9251.505850
9276.806731
9285.045078
9292.286212
9313.104663
9359.193707
9375.345769
9409.370080
9415.399610
9418.102459
9463.306896
9478.969995
9508.129944
9539.955179
9552.571737
9575.384762
9585.689069
9632.870983
9642.821584
9722.689661
9724.139053
9738.127496
9749.238877
9785.108393
9829.599187
9874.068148
9909.128478
9912.911546
9921.685891
9947.530093
10015.526398
10095.730817
10107.239873
10120.400744
10191.510642
10199.490778
10219.757144
10277.455675
10335.451022
10412.056217
10494.779915
10502.268556
10647.693351
10653.321259
10677.731650
10681.296457
10736.934096
10753.223519
10814.249064
10827.436664
10836.008368
10862.734041
10863.744053
10890.596212
10921.282895
10932.920301
10960.631387
11017.381196
11047.662066
11055.192409
11101.673877
11150.686323
11160.571431
11197.008860
11209.894822
11250.823426
11299.714734
11307.616442
11308.337957
11375.781359
11422.581475
11431.846814
11445.984147
11478.844635
11516.806693
11556.395784
11604.719257
11630.165167
11738.982810
11753.817621
11776.739354
11789.055821
11902.991293
11937.948537
11981.331959
12156.332856
12205.346438
12206.789282
12213.862532
12247.039666
12277.231587
12292.453882
12302.986225
12304.483145
12358.378279
12374.478273
12395.504991
12450.143416
12462.519320
12478.055325
12488.145526
12514.852818
12523.807074
12564.782168
12616.488712
12658.613613
12673.059752
12680.597353
12683.291833
12721.652190
12753.325980
12765.892585
12842.696268
12845.485277
12858.397093
12893.547815
12926.599368
12928.305993
12990.817996
13026.043567
13030.537269
13034.240937
13043.971485
13079.272820
13086.627595
13137.560189
13141.668109
13180.572646
13218.020638
13219.028040
13230.693045
13266.742058
13305.616619
13325.238001
13392.152441
13406.218773
13415.057293
13449.432873
13496.011870
13508.911008
13585.339494
13598.466885
13768.370055
13778.859884
13782.578023
13818.324692
13874.214994
13876.463926
13955.667075
13957.123180
13966.734693
13970.433562
14085.456001
14123.793350
14143.656897
14178.571639
14188.148926
14248.048678
14312.624160
14318.284309
14331.499786
14332.968437
14338.416784
14367.108539
14372.307158
14416.927796
14424.394192
14470.851712
14585.102200
14607.333327
14639.463618
14673.867450
14687.009975
14724.068926
14777.186985
14782.600838
14796.349287
14804.033499
14863.419678
14883.188061
14899.217046
14910.665681
14936.494979
14999.359261
15019.121750
15041.828867
15056.672602
15071.741476
15089.048997
15154.745889
15223.570962
15247.646167
15267.729586
15272.632778
15305.781810
15330.633637
15401.067795
15410.996072
15424.793935
15464.079416
15492.576032
15517.965563
15530.780286
15586.118409
15597.154242
15608.017753
15618.846060
15640.029447
15656.815553
15693.672210
15734.305940
15769.859360
15781.825473
15816.567187
15843.069912
15939.186738
15953.053575
15997.287896
16051.722010
16060.996338
16097.927764
16124.564349
16141.265355
16151.655897
16190.355145
16213.470733
16215.264921
16236.868436
16294.148165
16311.385246
16319.113812
16346.237289
16359.788463
16406.636215
16417.226140
16440.540170
16475.529396
16480.061484
16497.499601
16534.566631
16544.105346
16552.495391
16601.073278
16605.064645
16638.472492
16663.628363
16691.983424
16692.990813
16699.921196
16745.542583
16787.000555
16879.956008
16912.676599
16914.812062
16935.254320
16950.896232
16973.218217
17014.582845
17055.122295
17067.560192
17074.959246
17102.153664
17128.504786
17160.657836
17202.480870
17246.998428
17263.292401
17282.246126
17314.793479
17385.699502
17422.067466
17436.036939
17472.480303
17530.076717
17553.162439
17579.136142
17639.314923
17656.924229
17709.249211
17711.128467
17770.614621
17789.286629
17803.857668
17841.077539
17858.978207
17899.887080
17900.291169
17920.667754
17992.684513
18024.930728
18034.794105
18078.257494
18154.524790
18167.213550
18203.816727
18219.117346
18229.945106
18261.343942
18374.266679
18385.016332
18426.723185
18438.711368
18494.565514
18502.105799
18528.980498
18579.012804
18580.178515
18679.802499
18693.471953
18703.341380
18717.527727
18752.993503
18811.321712
18836.645689
18842.346322
18892.227663
18906.709483
18943.481534
18962.109907
18991.691809
19090.193308
19151.622859
19191.587079
19227.244576
19270.904496
19284.487019
19308.708613
19309.001790
19320.202589
19378.469347
19427.141146
19458.601559
19462.875772
19470.719842
19509.214316
19519.703203
19557.757157
19645.569195
19679.243130
19704.359941
19739.160389
19776.452616
19827.622613
19829.754114
19881.440317
19907.351176
19922.910244
20004.048110
20015.946787
20049.623667
20092.824317
20105.220689
20187.216038
20196.653548
20212.070276
20230.771104
20270.658615
20286.499069
20363.604954
20365.092959
20372.432125
20375.986601
20390.251711
20411.121682
20423.724555
20457.438289
20467.685054
20468.551035
20560.483295
20581.632907
20645.086460
20651.987033
20678.067391
20717.679813
20731.806704
20732.619682
20772.390124
20817.828867
20820.860775
20846.730399
20882.766954
20905.844641
20926.881378
20929.962303
20980.878338
20998.357305
21033.402930
21043.873672
21076.446221
21088.694366
21115.060738
21124.324789
21183.247511
21243.605336
21286.786761
21311.204510
21313.483179
21348.859798
21393.830857
21400.002838
21448.163425
21452.674689
21464.300420
21497.455357
21503.745052
21510.841727
21551.492405
21582.915707
21642.464945
21663.709958
21679.366711
21715.250770
21738.304201
21777.892034
21831.308887
21860.101149
21865.532119
21914.182011
21919.767624
21977.002589
21994.482573
22088.034885
22101.213045
22179.347506
22179.406796
22217.351867
22229.023243
22249.463210
22276.134868
22319.134142
22335.753226
22367.761962
22372.825745
22436.104103
22469.041764
22508.731793
22547.069263
22560.982298
22591.930884
22596.730234
22645.180892
22684.236913
22709.686907
22713.977591
22736.160970
22745.997851
22748.321190
22782.100027
22791.102420
22800.821759
22845.032244
22903.320720
22908.373138
22917.917079
22931.408185
22965.658648
22980.544450
23022.256981
23059.917006
23063.527101
23101.599242
23113.787742
23146.294896
23156.236795
23185.176336
23272.663871
23274.721101
23286.554151
23320.152940
23324.212133
23375.309252
23391.867002
23449.600849
23495.080805
23495.166463
23555.620804
23587.123346
23626.957535
23639.871718
23650.833962
23674.545936
23676.037504
23707.542635
23733.036450
23824.737150
23844.771137
23861.135529
23932.527875
23963.012511
23998.027887
24010.927057
24046.276386
24053.074717
24093.564399
24101.667120
24120.813096
24121.306340
24156.934175
24179.541040
24192.540871
24205.393273
24228.286615
24257.662307
24286.069705
24304.995309
24321.202646
24380.299907
24393.097944
24416.230249
24422.038190
24458.739779
24474.283106
24511.130218
24563.286891
24566.789237
24580.415641
24588.598797
24624.239517
24659.859254
24668.561449
24738.763447
24753.191724
24763.750144
24786.001205
24789.237729
24847.093330
24880.092671
24938.159897
24941.148794
24975.472592
25027.935364
25030.433015
25042.910282
25053.790662
25088.628582
25106.932870
25129.787784
25131.994369
25155.591459
25181.750170
25212.467330
25232.477507
25240.435720
25303.528890
25309.433345
25337.600467
25351.519117
25386.925075
25394.328402
25472.771537
25484.319745
25536.691686
25575.698932
25597.491160
25636.870800
25653.838663
25668.307732
25700.461436
25764.636479
25773.397967
25818.132177
25854.809635
25857.216592
25858.927305
25944.128731
25969.659871
25982.439994
26005.117570
26048.829272
26050.182567
26068.595742
26084.972940
26100.019047
26159.689104
26218.668440
26266.766293
26292.610253
26310.330642
26324.013205
26330.922076
26385.847499
26418.565055
26424.553984
26454.685147
26454.923033
26457.476000
26513.437410
26550.080796
26607.469242
26609.092863
26638.189143
26676.154279
26695.846358
26752.394131
26754.979820
26784.942402
26818.462533
26862.311716
26872.225581
26896.373918
26912.760806
26938.903719
26963.234145
26991.797807
27094.344782
27203.660431
27210.345443
27304.666776
27318.735340
27335.761720
27377.608022
27394.117823
27428.938697
27445.898990
27466.436099
27505.736050
27509.104246
27523.934073
27560.291731
27571.296191
27574.502875
27619.499152
27692.443276
27700.990878
27731.407417
27743.144814
27749.652999
27769.723340
27804.268470
27848.828077
27860.597052
27884.780066
27897.173438
27930.741155
27950.836606
28033.293662
28057.599395
28107.925156
28112.696294
28161.964045
28200.463340
28217.796321
28225.181955
28248.569892
28272.220227
28281.936721
28297.654731
28337.319405
28341.891791
28346.799268
28404.611101
28427.516281
28462.979383
28471.659056
28527.503861
28546.624890
28601.519369
28613.479481
28629.970432
28646.884282
28655.502461
28682.350123
28702.437749
28733.062520
28779.632890
28785.090830
28827.923862
28847.017054
28883.307532
28889.778002
28918.989437
28971.246927
28989.918170
28999.798223
29105.932965
29139.488436
29143.413606
29151.428646
29186.726279
29188.674947
29240.774704
29243.302291
29302.123524
29337.013965
29351.401571
29371.692056
29450.610082
29454.706679
29520.749220
29555.089384
29561.710587
29634.531315
29663.853311
29689.260345
29733.213707
29735.034436
29739.261482
29790.887989
