27.185608
50.864536
62.880715
91.340281
108.124951
163.637183
227.390640
239.789738
295.439159
372.126244
382.694982
463.791622
499.529770
502.422724
536.298133
562.467528
604.687435
639.967799
658.196253
704.707087
748.003226
810.440378
860.656441
922.220647
926.221345
950.979914
964.224817
971.820954
976.813389
1016.827213
1055.584501
1085.362690
1109.778553
1111.000750
1123.557720
1159.513377
1170.714029
1173.035728
1271.573364
1323.744461
1350.653006
1387.862328
1407.849517
1413.376758
1425.908169
1440.367476
1477.172894
1486.071939
1499.751669
1553.404762
1578.653145
1595.495332
1643.074514
1677.217093
1718.103129
1725.113509
1802.449964
1861.126061
1864.066648
1896.066373
1901.398919
1911.692227
1954.348781
1974.221614
2058.501033
2060.080228
2105.038931
2195.709885
2215.117163
2291.598708
2335.893867
2391.651535
2425.974089
2427.500157
2470.114505
2474.763784
2493.546912
2523.146454
2577.173587
2607.182351
2676.513030
2712.803046
2791.105051
2794.907003
2807.320948
2831.306295
2836.724243
2842.620055
2871.190549
2885.553041
2914.143257
2955.804579
2966.595591
2977.409988
3025.820963
3027.035052
3083.511152
3163.394188
3181.812398
3266.282088
3269.078456
3271.928556
3364.603220
3391.615714
3439.855562
3447.025968
3487.755376
3523.813074
3536.826543
3557.219616
3572.400314
3628.944282
3635.080221
3637.538074
3707.380666
3721.275593
3746.573346
3757.275303
3782.025191
3799.014656
3815.092205
3825.879464
3895.341188
3921.937754
3944.171079
4006.515740
4081.945796
4094.078702
4106.037355
4128.333935
4182.538096
4215.768173
4250.169777
4311.630167
4344.437898
4379.610310
4405.847541
4437.756568
4448.333902
4475.030224
4481.389677
4554.348686
4610.479653
4623.968772
4699.945601
4716.660434
4721.539332
4741.506782
4776.071384
4792.951478
4836.575053
4920.694019
4933.234904
4965.604577
4978.289881
5000.424142
5067.721564
5090.727715
5117.529880
5144.982447
5150.157728
5154.136431
5188.656829
5195.759927
5200.641821
5321.389611
5332.716820
5395.387774
5440.891827
5478.617129
5519.428589
5570.149788
5596.418685
5630.995327
5634.754782
5692.526296
5706.452953
5726.791639
5744.143885
5792.664984
5796.265531
5866.977637
5882.608936
5886.804827
5899.177594
5949.922446
5985.768245
5988.152889
6042.840303
6065.369228
6067.385949
6078.724425
6103.547331
6112.707579
6168.599154
6194.261113
6253.313122
6261.290296
6296.023298
6322.182518
6483.170223
6544.876284
6593.882573
6637.511255
6646.608405
6708.410546
6800.896715
6801.952043
6849.928190
6902.249307
6951.849416
6978.302161
6987.863846
7000.552736
7057.144210
7117.581388
7168.434977
7173.903689
7189.783538
7219.372596
7246.026227
7277.820572
7327.888792
7357.670385
7369.847122
7404.037836
7445.527778
7481.820464
7504.860206
7526.504091
7534.012551
7580.145564
7583.814137
7599.956953
7642.233312
7712.181992
7723.348405
7736.377717
7759.159834
7829.969047
7863.381090
7879.912400
7906.091499
7912.713988
7940.252793
7983.412801
7984.208506
8014.946667
8023.615624
8036.486006
8097.557923
8140.833600
8197.155017
8236.393182
8246.396317
8287.662201
8322.105613
8334.130706
8358.684612
8377.384561
8392.493857
8435.674204
8453.980575
8460.808793
8466.857156
8487.217843
8498.276238
8501.809323
8548.067900
8552.332188
8622.354269
8650.730367
8686.380896
8708.461478
8742.638388
8787.431009
8813.276573
8819.227383
8848.959384
8865.839308
8894.216853
8922.290490
8949.576754
9002.865324
9015.831217
9022.556929
9095.943627
9105.036636
9162.627272
9181.304333
9193.945144
9228.036327
9251.505850
9285.045078
9292.286212
9359.193707
9409.370080
9415.399610
9418.102459
9455.563264
9463.306896
9478.969995
9508.129944
9585.689069
9658.794577
9724.139053
9749.238877
9773.204761
9829.599187
9909.128478
9912.911546
9956.931222
10015.526398
10036.253055
10095.730817
10101.713387
10107.239873
10142.019186
10191.510642
10199.490778
10219.757144
10252.409624
10289.336330
10297.270794
10335.451022
10350.734155
10373.674429
10377.574997
10425.596322
10455.173261
10482.257377
10494.779915
10558.696701
10562.845223
10636.433734
10647.693351
10710.362944
10797.268247
10804.309082
10827.436664
10863.744053
10921.282895
10932.920301
10960.631387
11017.381196
11055.192409
11101.673877
11114.972858
11127.042760
11160.571431
11197.008860
11244.128555
11250.823426
11269.901910
11299.714734
11307.616442
11308.337957
11362.290642
11372.535803
11375.781359
11387.953222
11422.581475
11445.984147
11478.844635
11516.806693
11527.795296
11618.965853
11682.697787
11738.982810
11740.037874
11753.817621
11776.739354
11832.370956
11893.907633
11924.497436
11937.948537
11989.357738
12042.740082
12107.105712
12142.012256
12213.862532
12247.039666
12277.231587
12302.986225
12374.478273
12450.143416
12475.214317
12478.055325
12523.807074
12580.398762
12658.613613
12673.059752
12683.291833
12708.493270
12721.652190
12753.325980
12765.892585
12774.851090
12835.673098
12858.397093
12893.547815
12950.946844
12990.817996
13026.043567
13034.240937
13043.971485
13137.560189
13141.668109
13180.572646
13218.020638
13230.693045
13234.989048
13266.742058
13299.692909
13305.616619
13325.238001
13392.152441
13418.023558
13449.432873
13493.664333
13546.331767
13598.466885
13608.746094
13616.426077
13689.068353
13708.933810
13778.859884
13782.578023
13849.927590
13865.531344
13874.214994
13910.254278
13957.123180
13966.734693
13970.433562
14072.639651
14142.468609
14143.656897
14155.010609
14188.148926
14312.624160
14338.416784
14372.307158
14504.521500
14534.689569
14546.824541
14602.075302
14607.333327
14639.463618
14673.867450
14688.299760
14724.068926
14777.186985
14782.600838
14804.033499
14839.579467
14876.215468
14899.217046
14910.665681
14936.494979
15056.672602
15071.741476
15154.745889
15180.541917
15223.570962
15247.646167
15272.632778
15372.285632
15401.067795
15410.996072
15424.793935
15517.965563
15530.780286
15536.108559
15586.118409
15608.017753
15618.846060
15640.029447
15781.825473
15843.069912
15873.697878
15939.186738
15959.674226
15966.323289
15997.287896
16013.447578
16051.722010
16060.996338
16097.927764
16151.655897
16190.355145
16236.868436
16250.090352
16294.148165
16319.113812
16324.098135
16440.540170
16552.495391
16601.073278
16638.472492
16663.628363
16691.983424
16699.921196
16745.542583
16787.000555
16794.043861
16800.594674
16879.956008
16914.812062
16935.254320
16950.896232
16973.218217
17014.582845
17055.122295
17067.560192
17102.153664
17156.772798
17160.657836
17246.998428
17254.427337
17282.246126
17314.793479
17340.773421
17385.699502
17421.452969
17436.036939
17464.930307
17472.480303
17477.833719
17530.076717
17550.417539
17553.162439
17579.136142
17609.054643
17613.649613
17621.749068
17639.314923
17655.229997
17656.924229
17711.128467
17770.614621
17789.286629
17803.857668
17841.077539
17858.978207
17899.887080
17900.291169
17920.667754
17956.593899
17981.116683
18028.665460
18070.608446
18114.960290
18116.013798
18154.524790
18167.213550
18167.922219
18203.816727
18261.343942
18338.048359
18339.793967
18351.199149
18426.723185
18438.711368
18477.272145
18494.565514
18502.105799
18514.757018
18528.980498
18536.249184
18632.162235
18703.341380
18717.527727
18752.993503
18796.907951
18811.321712
18842.346322
18892.227663
18943.481534
18956.523824
18991.691809
19049.628897
19090.193308
19097.206147
19134.209976
19151.622859
19191.587079
19227.244576
19270.439416
19270.904496
19309.001790
19363.271065
19399.991476
19433.495791
19458.601559
19462.875772
19470.719842
19503.712195
19509.214316
19519.703203
19557.757157
19564.770919
19629.885719
19633.985598
19679.243130
19736.207775
19739.160389
19881.440317
19901.258667
19907.351176
19922.910244
19989.277303
19989.683375
20004.048110
20045.581350
20092.824317
20184.377512
20187.216038
20196.653548
20212.070276
20249.576054
20286.499069
20302.717306
20363.604954
20372.432125
20375.986601
20390.251711
20423.724555
20467.685054
20520.655666
20548.647687
20560.483295
20651.987033
20678.067391
20717.679813
20731.806704
20817.828867
20842.855088
20846.730399
20892.980286
20905.844641
20926.881378
20929.962303
20940.837953
20998.357305
21043.873672
21088.694366
21115.060738
21124.324789
21183.247511
21189.610911
21196.493432
21275.688861
21286.786761
21311.204510
21313.483179
21348.859798
21400.002838
21448.163425
21452.674689
21497.455357
21510.841727
21582.915707
21624.456822
21662.384110
21663.709958
21738.304201
21783.873205
21813.786637
21868.545069
21970.952520
21977.002589
22006.802277
22042.368603
22047.962411
22088.034885
22125.598138
22128.271975
22193.020128
22217.351867
22249.463210
22276.134868
22287.349668
22335.753226
22372.825745
22380.115504
22413.359453
22436.004526
22436.104103
22469.041764
22508.731793
22547.069263
22552.182330
22560.982298
22596.730234
22645.180892
22654.761600
22684.236913
22713.977591
22745.997851
22748.321190
22782.100027
22800.821759
22845.032244
22917.917079
22980.544450
23113.678212
23156.236795
23198.806970
23219.453836
23266.884326
23272.663871
23274.721101
23320.152940
23324.212133
23374.554219
23449.600849
23461.856775
23469.391184
23495.080805
23555.620804
23626.957535
23656.861435
23674.545936
23707.542635
23733.036450
23743.053655
23749.758554
23802.059954
23811.508836
23824.737150
23844.771137
23963.012511
23998.027887
24000.012895
24010.927057
24053.074717
24093.564399
24101.667120
24120.813096
24156.934175
24192.540871
24205.393273
24304.995309
24393.097944
24416.230249
24422.038190
24474.027510
24554.634297
24566.789237
24659.859254
24664.186177
24763.750144
24789.237729
24880.092671
24938.159897
24941.148794
24971.361609
24975.472592
25030.433015
25042.910282
25053.790662
25088.628582
25120.191955
25129.787784
25131.994369
25155.591459
25337.600467
25351.519117
25386.925075
25394.328402
25472.771537
25473.568445
25499.800736
25512.341280
25518.940447
25575.698932
25653.838663
25668.307732
25845.719996
25857.216592
25858.927305
25895.057447
25944.128731
25954.539941
25982.439994
26036.037528
26048.829272
26100.019047
26140.757674
26171.762810
26218.668440
26229.797936
26231.542182
26266.766293
26292.610253
26310.330642
26385.847499
26400.325792
26405.164250
26418.565055
26424.553984
26454.685147
26454.923033
26457.476000
26499.366790
26538.634063
26550.080796
26607.469242
26638.189143
26676.154279
26695.846358
26754.979820
26773.288830
26784.942402
26792.196096
26818.462533
26836.944848
26845.231026
26862.311716
26872.225581
26912.760806
26949.773576
26995.738032
26998.407872
27053.310091
27056.031276
27124.329964
27133.408658
27147.477952
27241.823406
27304.666776
27318.735340
27321.857090
27352.649035
27371.410577
27377.608022
27394.117823
27445.898990
27466.436099
27505.736050
27523.934073
27571.296191
27574.502875
27653.986958
27700.990878
27714.464011
27731.407417
27743.144814
27749.652999
27787.428149
27860.597052
27901.698882
27930.741155
27950.836606
27963.550452
27986.480650
28033.293662
28057.599395
28063.236015
28074.902836
28179.755402
28200.463340
28217.796321
28225.181955
28236.983730
28248.569892
28281.936721
28337.319405
28341.891791
28404.611101
28426.667706
28427.516281
28462.979383
28471.659056
28521.283175
28527.503861
28546.624890
28601.519369
28613.479481
28646.884282
28655.502461
28682.350123
28689.642174
28733.062520
28736.654971
28779.632890
28785.090830
28792.646180
28806.029704
28827.923862
28847.017054
28883.307532
28918.989437
28971.246927
28989.918170
28999.798223
29005.834441
29105.932965
29151.428646
29186.726279
29240.774704
29243.302291
29266.348990
29323.899393
29337.013965
29351.401571
29371.692056
29372.438609
29429.398345
29450.610082
29454.706679
29508.370230
29520.749220
29555.089384
29574.641472
29611.011458
29634.531315
29663.853311
29689.260345
29701.018588
29733.213707
29804.500936
29877.981097
29921.831352
30019.176524
30059.791334
30110.238198
30116.643012
30126.983363
30170.697570
30175.017877
30197.594893
30240.610092
30256.194911
30283.430159
30298.392898
30318.996145
30352.666521
30430.077915
30432.769286
30478.809173
30500.863115
30509.683209
30535.208616
30592.532796
30612.424257
30624.018376
30625.992946
30661.160936
30662.110965
30771.865094
30800.103001
30814.376742
30843.730524
30849.778172
30858.115467
30886.062543
30908.247796
30924.764655
30958.225802
30972.232505
30987.103561
30995.602113
31037.290186
31119.300901
31187.335768
31206.370891
31339.571543
31365.854171
31400.286412
31412.844932
31442.356274
31469.371442
31494.183410
31526.888159
31555.741094
31557.311606
31592.790050
31601.247336
31651.449090
31691.504999
31742.987998
31792.854761
31796.998106
31829.105253
31918.990638
31955.312564
31957.731426
32084.170800
32091.530925
32107.370869
32142.424188
32173.217130
32175.116385
32198.574349
32289.135412
32323.887401
32328.212386
32380.471908
