7.540239
25.293849
29.529193
34.127100
40.424793
44.773677
50.833372
55.146134
59.101139
59.904944
69.005706
70.980199
82.347471
87.827053
91.748241
92.026574
104.289494
123.197805
123.670087
140.358656
146.678262
154.752981
165.039148
166.943846
168.308893
177.919738
178.128462
181.421955
186.778541
207.694607
215.887052
218.658512
229.735670
233.363897
233.558185
243.981774
249.097833
249.557469
250.950029
252.967715
257.767176
283.651275
291.536450
292.371878
317.232103
327.258788
330.046668
335.021376
349.558040
350.261975
360.109767
368.318224
375.126080
377.934867
383.587251
406.812404
417.299112
418.626428
420.339239
444.787879
450.722661
462.782420
483.120383
484.338690
505.415811
518.998885
521.897930
548.112178
553.894145
557.298191
560.962154
588.688927
590.467353
599.648499
623.125220
632.680629
636.857487
638.044864
640.866895
643.661361
657.984743
663.531906
675.021505
677.846129
693.028481
716.154061
717.890480
728.067353
729.208073
729.855144
738.586714
748.277502
756.301413
759.727788
762.845974
778.623523
795.420241
797.670805
800.839190
801.309878
802.421102
826.118325
833.354432
833.731302
842.580883
862.789491
867.552780
870.652877
872.968365
884.166542
902.196202
906.757258
911.147023
925.909938
935.053365
935.712784
949.259306
966.614017
970.009030
986.729369
1004.767795
1007.451153
1023.436923
1039.257200
1046.877176
1053.608212
1060.948462
1072.954157
1078.837878
1086.577310
1097.673022
1107.726884
1118.022188
1126.660917
1130.559391
1134.157131
1142.748480
1159.822648
1164.939043
1165.154699
1168.903693
1175.182147
1176.973490
1181.166282
1204.372420
1204.773430
1210.336023
1229.503112
1238.340924
1239.606452
1242.879785
1243.988467
1274.783138
1276.851746
1281.647380
1308.580646
1309.968974
1319.237487
1328.115955
1342.999119
1343.106990
1356.929720
1358.116676
1375.968353
1376.790859
1393.988894
1401.772670
1408.037895
1409.962166
1431.045845
1440.232194
1442.541470
1466.952091
1472.366313
1475.324375
1500.228740
1503.406135
1504.093976
1507.715931
1523.358791
1533.530865
1535.896124
1539.071610
1540.569987
1552.989541
1556.336517
1566.341658
1571.188891
1577.620723
1596.610303
1602.996285
1610.625082
1614.858434
1621.065572
1627.000525
1635.167406
1652.839606
1657.305711
1666.239841
1669.038593
1687.353237
1690.511824
1697.323579
1711.196111
1716.921797
1720.927236
1728.344362
1728.885699
1734.124488
1745.697699
1759.799613
1767.087068
1774.495735
1790.798481
1802.946751
1805.359261
1822.113399
1831.422326
1843.812190
1853.433460
1858.950717
1861.203782
1864.734395
1881.324970
1883.444786
1884.321549
1885.866507
1912.283118
1915.067738
1922.493057
1933.120930
1939.341959
1946.082668
1948.832023
1961.886676
1966.594765
1978.697307
1993.612488
2000.082333
2002.413227
2010.550441
2011.396293
2019.944319
2042.955876
2043.700869
2046.140020
2059.559924
2072.103232
2076.047733
2079.631150
2079.945436
2083.971030
2097.086671
2108.821573
2123.590260
2124.895449
2128.362336
2141.306784
2149.444897
2167.340133
2174.218412
2174.901416
2198.944683
2208.825710
2209.569676
2223.866532
2242.455649
2248.796090
2252.189617
2270.344343
2273.658121
2277.109141
2286.948611
2293.547373
2297.739305
2298.476608
2304.202769
2312.514738
2321.204041
2323.986234
2336.822679
2347.147051
2349.476899
2374.099942
2379.540749
2380.031772
2382.977403
2398.359794
2398.968845
2418.247853
2422.791721
2424.254294
2425.204535
2446.459196
2449.617613
2453.701733
2465.721643
2475.180409
2490.163610
2500.163033
2508.814482
2525.780962
2527.035643
2551.582289
2552.144209
2565.222387
2577.054018
2594.899034
2597.171605
2602.906223
2604.204673
2629.772640
2637.484170
2640.303140
2656.521858
2674.087247
2674.559290
2677.429903
2679.436693
2682.551619
2683.582004
2710.256981
2715.870355
2719.782867
2721.617900
2722.325202
2737.630751
2753.772896
2765.612522
2765.955801
2792.701333
2793.074969
2807.466500
2811.330147
2820.601328
2831.758137
2848.510168
2848.872179
2849.502141
2870.441046
2876.882599
2890.181310
2890.223195
2906.045458
2909.116821
2930.652028
2932.792357
2935.539794
2948.422413
2965.758336
2971.590756
2987.951213
2995.356433
3002.106622
3011.715538
3025.320966
3026.183080
3044.555603
3051.690411
3055.243384
3059.832123
3065.542133
3084.543964
3090.817138
3104.227915
3115.005161
3130.429462
3135.905298
3136.868507
3143.069411
3146.761082
3168.885107
3172.990684
3177.476781
3181.136318
3192.516498
3207.135356
3208.839609
3217.157953
3219.453895
3221.132125
3241.556461
3244.776753
3257.977361
3259.278039
3274.458576
3283.000631
3288.764428
3295.293353
3295.479096
3306.068394
3321.554128
3332.410052
3338.975418
3358.936789
3363.726645
3369.962566
3371.628923
3395.603229
3404.982299
3407.357931
3433.488644
3438.031387
3443.275304
3470.368081
3471.982332
3479.422053
3506.456894
3506.529750
3515.238912
3540.671197
3542.288113
3544.840067
3550.292031
3565.217088
3575.488571
3577.850342
3582.203937
3584.935817
3589.764451
3610.298696
3619.618739
3620.550765
3627.684249
3645.935521
3647.907211
3654.867762
3656.894316
3666.237806
3680.744967
3688.891724
3694.998979
3700.802868
3714.986208
3722.043171
3733.399154
3750.228480
3756.247693
3770.581509
3775.758994
3776.021508
3785.087633
3788.457143
3790.040658
3808.595757
3820.025839
3820.459831
3822.156344
3829.042188
3839.635561
3846.350609
3849.151024
3854.303204
3855.205461
3857.767870
3864.084593
3876.983420
3885.491604
3887.120343
3889.428122
3904.531101
3918.140061
3923.346519
3924.505375
3950.173357
3959.773330
3962.778558
3982.041653
3994.305351
4002.993269
4013.014586
4013.289576
4029.133622
4042.764006
4044.454357
4058.606570
4063.896414
4073.540275
4074.791390
4082.984541
4097.846689
4105.757043
4113.203247
4124.031528
4132.241022
4133.108197
4136.942941
4164.820348
4167.095013
4167.770784
4170.915873
4178.662663
4198.903672
4200.776816
4202.697202
4206.826303
4230.323957
4234.561869
4249.055468
4261.138536
4267.738143
4291.924827
4293.798164
4301.092458
4305.735609
4324.814672
4333.987075
4334.394669
4357.043109
4366.981439
4377.179938
4389.085791
4389.256929
4399.449927
4419.458305
4421.114447
4430.361905
4431.690801
4444.647184
4453.827609
4455.057031
4462.276927
4463.475198
4488.150102
4494.303039
4506.053771
4521.638490
4522.515385
4522.636208
4525.398550
4548.872700
4552.920284
4555.740530
4555.911298
4574.091269
4586.003657
4589.906684
4592.221662
4616.557512
4624.922753
4635.279999
4646.738851
4659.676674
4669.268628
4676.602703
4677.434279
4690.946934
4694.961288
4706.290481
4720.294925
4730.984550
4734.740823
4746.391495
4762.623946
4763.083988
4767.527430
4791.696767
4801.645536
4803.961693
4805.060604
4815.521451
4816.566074
4819.913578
4840.778287
4846.914168
4848.243677
4866.899131
4876.781408
4878.165698
4888.068078
4904.988372
4914.549078
4914.722210
4915.546093
4930.125303
4930.919461
4953.249527
4958.089619
4970.963087
4984.855354
4990.782888
5003.094208
5010.802641
5011.258221
5011.450666
5024.897665
5027.700770
5028.697922
5028.737476
5036.190729
5041.283598
5050.955636
5061.925082
5067.535218
5087.529953
5089.690104
5106.041835
5113.215423
5129.560713
5138.871733
5144.905805
5164.071697
5164.168712
5166.225035
5169.234255
5183.702425
5189.485026
5200.864191
5202.597855
5207.892417
5214.761028
5219.847772
5221.722174
5238.946190
5246.124864
5252.655185
5259.433961
5260.785204
5263.626764
5264.657840
5283.561135
5288.498924
5300.504154
5304.317984
5314.055820
5320.709697
5321.714273
5339.166548
5339.343694
5359.111860
5364.545190
5377.766731
5390.247342
5396.297053
5414.256077
5416.114626
5433.227439
5433.368719
5439.850025
5455.384430
5457.799177
5464.778538
5466.519921
5469.841587
5486.908013
5490.298064
5494.619705
5506.112559
5506.706328
5513.038854
5515.360532
5531.552057
5533.417384
5540.226302
5543.578124
5566.368132
5571.642276
5581.238214
5592.506343
5609.743189
5618.783422
5619.341489
5619.406584
5620.746581
5645.535150
5647.130244
5652.426441
5652.434039
5656.101145
5672.860662
5684.850974
5693.703964
5700.760477
5722.505733
5727.574072
5730.677025
5732.866537
5754.889479
5759.398285
5768.552720
5782.676210
5795.839337
5806.298294
5810.997342
5812.186095
5831.960568
5832.230339
5833.647323
5839.629579
5846.022365
5867.974051
5868.137735
5872.512622
5880.853526
5885.788443
5888.497802
5897.824445
5903.723853
5905.973310
5925.120399
5927.193211
5938.937752
5957.111622
5964.177040
5973.776674
5987.584011
5988.116511
6002.264348
6004.296594
6006.231179
6017.655616
6039.960101
6044.840415
6046.070609
6047.830378
6056.547752
6073.209714
6079.598281
6080.606008
6085.630876
6105.851467
6110.511173
6126.440989
6139.049614
6142.962192
6167.439229
6167.792987
6171.390809
6174.026568
6176.065012
6195.235279
6199.659284
6203.898356
6207.191407
6208.717438
6212.844570
6236.185163
6237.649275
6239.235727
6249.956300
6257.064195
6264.624490
6268.425929
6272.020547
6292.195517
6300.454241
6303.942224
6315.717606
6331.802444
6334.049492
6337.652430
6345.514695
6362.369551
6371.655484
6372.131099
6377.090552
6386.058504
6394.226235
6405.371460
6420.486162
6425.075045
6438.440514
6456.180958
6463.652580
6472.904951
6487.130225
6506.888122
6507.565607
6516.023662
6516.540748
6519.186148
6524.124701
6531.102246
6541.839683
6549.567986
6550.246354
6560.366659
6561.981011
6575.918751
6581.496042
6592.995757
6610.551175
6610.587676
6612.693949
6636.346849
6643.863207
6644.606116
6675.028506
6678.730082
6679.707764
6695.384940
6706.879416
6713.713749
6721.099971
6723.352793
6725.206781
6738.035687
6742.105784
6749.391223
6762.910607
6769.968859
6770.541129
6781.712972
6784.668169
6801.027801
6801.970349
6804.566460
6805.877383
6820.666880
6824.171530
6834.684424
6846.022294
6855.974708
6868.089901
6868.490321
6887.768071
6890.119699
6902.677448
6907.744298
6925.749713
6928.660978
6936.574926
6960.605445
6969.455183
6970.689623
6983.528248
6995.456737
7005.212288
7009.449277
7010.094053
7030.215871
7030.873425
7041.084003
7045.725934
7050.234887
7062.989238
7064.343342
7065.208015
7077.151262
7089.892558
7098.569801
7113.324987
7127.833747
7130.558219
7132.626521
7149.815488
7166.361170
7167.102134
7185.180401
7200.711574
7206.085328
7223.595414
7234.297857
7245.255934
7260.359383
7267.088607
7283.524789
7297.928619
7300.041729
7312.450023
7313.669256
7320.537434
7333.118739
7335.807356
7357.954920
7362.181203
7365.677204
7373.473314
7374.134616
7384.702757
7394.697283
7398.900683
7412.715582
7423.033876
7431.637035
7431.785868
7451.279879
7463.610012
7467.930377
7468.353014
7490.259120
7496.148893
7504.848366
7526.908245
7528.566025
7542.319426
7548.305214
7558.035656
7567.265536
7579.362260
7588.212916
7591.073374
7605.169949
7609.830753
7616.578559
7618.116947
7623.828176
7645.169219
7648.290435
7650.151891
7654.150998
7669.592397
7677.913075
7685.462024
7691.916763
7707.622316
7724.314177
7728.892510
7737.483718
7763.183596
7766.131100
7766.945600
7771.723039
7794.559921
7794.768089
7801.611102
7805.365677
7823.235261
7835.698831
7836.859856
7839.831379
7843.509229
7850.623978
7870.036733
7877.929272
7878.385753
7881.612667
7903.949171
7905.823093
7906.457139
7916.928179
7921.094616
7932.754474
7954.676718
7959.141682
7960.897557
7967.564574
7984.895854
7985.405995
7993.206416
8001.157210
8011.592079
8014.544967
8030.151325
8038.101736
8041.602491
8057.990215
8063.143882
8067.313704
8079.293121
8082.691751
8089.155091
8103.278743
8112.748312
8115.596025
8123.773938
8138.980499
8140.902250
8165.055991
8166.463955
8174.738367
8191.821886
8206.620316
8210.123705
8216.354155
8240.722467
8244.443947
8248.534133
8254.195052
8262.767337
8266.189130
8269.351449
8279.231860
8281.179453
8291.192393
8291.579323
8314.383330
8315.665104
8318.097344
8331.525644
8334.173366
8340.274483
8347.813051
8365.553416
8375.995437
8381.263862
8390.540611
8403.017626
8414.415471
8415.588051
8415.827193
8418.856620
8440.697452
8446.716107
8461.479123
8461.901800
8464.824861
8465.527517
8477.278675
8479.004447
