29.529193
34.127100
40.424793
59.904944
82.347471
104.289494
123.197805
123.670087
140.358656
154.752981
165.039148
177.919738
207.694607
215.887052
218.658512
250.950029
252.967715
291.536450
317.232103
335.021376
368.318224
377.934867
383.587251
417.299112
444.787879
450.722661
462.782420
483.120383
484.338690
505.415811
521.897930
548.112178
553.894145
560.962154
588.688927
590.467353
599.648499
623.125220
632.680629
717.890480
728.067353
756.301413
762.845974
797.670805
833.731302
867.552780
872.968365
884.166542
911.147023
925.909938
935.712784
966.614017
986.729369
1039.257200
1072.954157
1126.660917
1134.157131
1165.154699
1176.973490
1204.372420
1204.773430
1239.606452
1242.879785
1243.988467
1274.783138
1281.647380
1308.580646
1309.968974
1319.237487
1356.929720
1375.968353
1376.790859
1393.988894
1408.037895
1440.232194
1442.541470
1466.952091
1472.366313
1504.093976
1507.715931
1535.896124
1539.071610
1566.341658
1577.620723
1627.000525
1635.167406
1657.305711
1666.239841
1687.353237
1690.511824
1697.323579
1716.921797
1728.344362
1759.799613
1767.087068
1802.946751
1805.359261
1822.113399
1843.812190
1858.950717
1884.321549
1912.283118
1922.493057
1939.341959
1946.082668
1961.886676
1966.594765
1993.612488
2002.413227
2019.944319
2042.955876
2043.700869
2046.140020
2072.103232
2083.971030
2123.590260
2124.895449
2141.306784
2174.901416
2198.944683
2208.825710
2209.569676
2223.866532
2242.455649
2248.796090
2252.189617
2277.109141
2293.547373
2298.476608
2312.514738
2323.986234
2336.822679
2379.540749
2398.968845
2418.247853
2453.701733
2465.721643
2500.163033
2508.814482
2525.780962
2527.035643
2577.054018
2594.899034
2602.906223
2604.204673
2629.772640
2637.484170
2656.521858
2679.436693
2710.256981
2722.325202
2753.772896
2765.612522
2765.955801
2792.701333
2793.074969
2807.466500
2820.601328
2831.758137
2848.510168
2848.872179
2870.441046
2876.882599
2909.116821
2948.422413
2965.758336
2971.590756
2987.951213
3011.715538
3025.320966
3026.183080
3051.690411
3055.243384
3065.542133
3084.543964
3104.227915
3115.005161
3130.429462
3146.761082
3168.885107
3181.136318
3207.135356
3219.453895
3244.776753
3257.977361
3274.458576
3283.000631
3295.293353
3306.068394
3321.554128
3332.410052
3338.975418
3369.962566
3371.628923
3404.982299
3407.357931
3438.031387
3443.275304
3470.368081
3471.982332
3479.422053
3506.529750
3540.671197
3550.292031
3575.488571
3582.203937
3610.298696
3620.550765
3645.935521
3654.867762
3656.894316
3680.744967
3688.891724
3714.986208
3733.399154
3750.228480
3756.247693
3770.581509
3785.087633
3790.040658
3820.025839
3846.350609
3854.303204
3885.491604
3887.120343
3889.428122
3918.140061
3923.346519
3924.505375
3950.173357
3959.773330
3982.041653
4013.289576
4029.133622
4042.764006
4044.454357
4063.896414
4074.791390
4082.984541
4105.757043
4124.031528
4132.241022
4136.942941
4164.820348
4167.095013
4167.770784
4198.903672
4230.323957
4234.561869
4249.055468
4261.138536
4291.924827
4293.798164
4333.987075
4334.394669
4366.981439
4389.085791
4419.458305
4453.827609
4488.150102
4494.303039
4521.638490
4548.872700
4555.911298
4586.003657
4589.906684
4592.221662
4616.557512
4624.922753
4635.279999
4646.738851
4659.676674
4677.434279
4694.961288
4706.290481
4720.294925
4730.984550
4762.623946
4767.527430
4791.696767
4803.961693
4819.913578
4846.914168
4848.243677
4876.781408
4878.165698
4904.988372
4915.546093
4930.125303
4953.249527
4984.855354
5011.258221
5011.450666
5028.697922
5036.190729
5087.529953
5089.690104
5113.215423
5138.871733
5144.905805
5164.071697
5183.702425
5189.485026
5207.892417
5214.761028
5221.722174
5238.946190
5283.561135
5300.504154
5339.166548
5359.111860
5364.545190
5390.247342
5396.297053
5414.256077
5416.114626
5433.368719
5439.850025
5464.778538
5494.619705
5506.706328
5515.360532
5533.417384
5543.578124
5566.368132
5571.642276
5581.238214
5592.506343
5609.743189
5618.783422
5619.341489
5645.535150
5647.130244
5656.101145
5672.860662
5684.850974
5693.703964
5700.760477
5727.574072
5730.677025
5759.398285
5768.552720
5782.676210
5795.839337
5806.298294
5810.997342
5832.230339
5868.137735
5897.824445
5903.723853
5925.120399
5957.111622
5964.177040
5973.776674
5987.584011
6004.296594
6006.231179
6017.655616
6044.840415
6047.830378
6073.209714
6079.598281
6085.630876
6105.851467
6110.511173
6139.049614
6142.962192
6167.439229
6174.026568
6207.191407
6208.717438
6236.185163
6239.235727
6249.956300
6272.020547
6292.195517
6300.454241
6303.942224
6331.802444
6334.049492
6337.652430
6371.655484
6394.226235
6405.371460
6420.486162
6425.075045
6463.652580
6472.904951
6487.130225
6506.888122
6507.565607
6519.186148
6541.839683
6549.567986
6550.246354
6610.551175
6612.693949
6636.346849
6643.863207
6644.606116
6675.028506
6706.879416
6713.713749
6762.910607
6769.968859
6784.668169
6801.970349
6804.566460
6820.666880
6834.684424
6855.974708
6868.490321
6887.768071
6902.677448
6925.749713
6928.660978
6936.574926
6960.605445
6969.455183
6970.689623
6995.456737
7005.212288
7041.084003
7050.234887
7064.343342
7077.151262
7089.892558
7098.569801
7113.324987
7127.833747
7149.815488
7166.361170
7167.102134
7185.180401
7200.711574
7206.085328
7223.595414
7245.255934
7260.359383
7283.524789
7297.928619
7320.537434
7333.118739
7335.807356
7357.954920
7374.134616
7394.697283
7412.715582
7451.279879
7463.610012
7468.353014
7490.259120
7526.908245
7528.566025
7579.362260
7618.116947
7645.169219
7648.290435
7654.150998
7677.913075
7685.462024
7707.622316
7728.892510
7763.183596
7766.945600
7794.768089
7801.611102
7805.365677
7823.235261
7843.509229
7850.623978
7881.612667
7905.823093
7921.094616
7932.754474
7954.676718
7959.141682
7960.897557
8030.151325
8063.143882
8067.313704
8082.691751
8089.155091
8115.596025
8123.773938
8140.902250
8165.055991
8166.463955
8191.821886
8206.620316
8210.123705
8216.354155
8240.722467
8244.443947
8248.534133
8266.189130
8279.231860
8291.192393
8314.383330
8315.665104
8334.173366
8340.274483
8365.553416
8375.995437
8381.263862
8414.415471
8415.588051
8418.856620
8446.716107
8461.901800
8465.527517
8479.004447
8491.718526
8504.449655
8511.603919
8517.670974
8543.342219
8543.516143
8569.188223
8590.903962
8595.294081
8622.237303
8638.772173
8648.620600
8676.205390
8677.347662
8703.242430
8719.729963
8730.199975
8733.525367
8757.891561
8761.482380
8763.979332
8795.932436
8813.576704
8826.776684
8841.950549
8845.508327
8857.801396
8870.672037
8887.626791
8889.103130
8920.391884
8927.548663
8928.988403
8957.699008
9010.895824
9016.496567
9017.975181
9048.513981
9049.412468
9080.250765
9090.952215
9110.988435
9115.191742
9130.980896
9142.385100
9147.183552
9169.552942
9174.302756
9179.749720
9206.193721
9208.722767
9213.919571
9238.927958
9271.630251
9282.393907
9284.693929
9303.578317
9316.701135
9321.778413
9336.531279
9351.559671
9358.907755
9368.979921
9386.597581
9396.329792
9436.543432
9456.774057
9494.023875
9503.408358
9507.576291
9530.247311
9544.335705
9566.555648
9571.821489
9581.310108
9604.401952
9641.236739
9642.007454
9675.304888
9680.440772
9694.169128
9709.543530
9731.303826
9744.132427
9758.298453
9769.191941
9796.790079
9806.629950
9814.533307
9835.874791
9874.344992
9884.110204
9885.030345
9913.160609
9919.102066
9924.358285
9954.602248
9990.236700
10004.234375
10029.910592
10044.158394
10059.075351
10069.170595
10085.337316
10125.301617
10127.790380
10146.554801
10195.236476
10208.520498
10223.721888
10229.431269
10251.147840
10261.474706
10262.887458
10293.066823
10296.241350
10299.327564
10328.972101
10334.603573
10336.180502
10360.835467
10392.468386
10409.920063
10424.855750
10446.345113
10464.982625
10487.979154
10508.241849
10517.401128
10519.318709
10550.649693
10551.518467
10581.926294
10588.155479
10594.923763
10637.916847
10643.234475
10656.744742
10672.441677
10690.065643
10702.215405
10724.134706
10731.313555
10758.472218
10760.359515
10765.046133
10788.988047
10807.658256
10817.488797
10823.283399
10845.294045
10849.768266
10855.404124
10887.126838
10891.072725
10900.505617
10918.772347
10927.514881
10972.994881
10981.397053
11013.177558
11013.382818
11034.699121
11044.588197
11060.754406
11075.594251
11086.451876
11112.580781
11132.095352
11136.829312
11138.645359
11164.939548
11168.340302
11171.458685
11190.248504
11199.195549
11209.609839
11215.537843
11240.933760
11247.136041
11261.321761
11284.648920
11290.437613
11315.671105
11341.109894
11356.866696
11359.874881
11366.110893
11391.923632
11396.825914
11416.844481
11442.798148
11470.137195
11494.773264
11507.298945
11522.639266
11547.136113
11555.697069
11573.514571
11589.924812
11599.784006
11619.579104
11623.585816
11627.236120
11652.650404
11656.771413
11658.222413
11680.057962
11706.800518
11729.208124
11731.741077
11761.410497
11765.729180
11770.268206
11788.146670
11802.614119
11808.429304
11885.358666
11902.991910
11915.102110
11924.689648
11963.166190
11964.426676
12003.844456
12023.224313
12054.479457
12067.370111
12085.388825
12085.457023
12106.603923
12116.380406
12126.272834
12145.562732
12147.734882
12168.697655
12179.540642
12184.605470
12209.698461
12211.991738
12223.624604
12276.854208
12292.958812
12302.677348
12308.952355
12335.509493
12342.033226
12342.338832
12376.304753
12419.077061
12420.101020
12444.540706
12462.894098
12478.497181
12505.042230
12512.262876
12534.089398
12547.769125
12571.825378
12580.804447
12590.541182
12609.378158
12614.734599
12633.063431
12675.538157
12685.301062
12717.524083
12758.674392
12787.598230
12794.875810
12822.150545
12845.202952
12857.617697
12866.717062
12886.914693
12892.469480
12902.285462
12927.175845
12936.279660
12962.199247
12968.456172
12970.990089
12997.259387
13005.335399
13008.734059
13031.616604
13048.351665
13065.763943
13088.645832
13100.187780
13128.483874
13167.047396
13169.351305
13202.050546
13233.846115
13243.470339
13265.606798
13281.495845
13296.426752
13302.705557
13319.788619
13327.446793
13335.891758
13358.541253
13368.665545
13390.064490
13395.507237
13421.128106
13432.277678
13433.979086
13469.214443
13482.136820
13505.807762
13513.153907
13544.731501
13560.330296
13591.101578
13608.151909
13615.882924
13621.751558
13651.994115
13652.264154
13671.279985
13681.412222
13690.620040
13703.926455
13711.601668
13728.460331
13736.860391
13766.659385
13769.809069
13798.389402
13802.396888
13805.773318
13826.315155
13836.304979
13844.105759
13854.650940
13870.218081
13882.659965
13883.232002
13909.632147
13921.665197
13960.536117
13963.073543
13973.916749
13988.764615
14001.082148
14008.220544
14015.148379
14042.017665
14044.490457
14066.645060
14083.386338
14092.775602
14118.474571
14124.443011
14143.859940
14153.169106
14168.385643
14194.028845
14208.671256
14219.148518
14250.264888
14265.539615
14293.051761
14303.706053
14318.287414
14340.849617
14343.325118
14368.862038
14376.916668
14379.170240
14393.613114
14418.024727
14419.457422
14444.231951
14456.581696
14463.045067
14469.463140
14494.711589
14496.111110
14506.573119
14520.554442
14546.996852
14573.127161
14574.518715
14594.104304
14613.282489
14638.253590
14653.248488
14680.589455
14690.884105
14707.984122
14723.125703
14729.632954
14735.268014
14768.557542
14791.277963
14807.234672
14819.022279
14845.381910
14848.041487
14876.943564
14905.993688
14922.441144
14932.390992
14935.307049
14960.843099
14964.760488
14994.770119
14998.252374
15052.692251
15054.811338
15085.372699
15092.210208
15108.746236
15116.455771
15169.283698
15179.928872
15179.946761
15208.019272
15243.551389
15245.895807
15249.568711
15277.064820
15284.089238
15309.655715
15321.422677
15343.563270
15353.295227
15358.769844
15377.738024
15386.695364
15395.885903
15419.863212
15453.284205
15471.273664
15479.541377
15518.491990
15547.394522
15581.764185
15581.870755
15614.323782
15614.947779
15618.963645
15645.854760
15649.384639
15677.073380
15707.690270
15719.318872
15732.395706
15754.497557
15788.524209
15800.547721
15808.210688
15824.103003
15846.839516
15858.889348
15862.041098
15884.837304
15893.794412
15894.352608
15925.313692
15928.675350
15956.427102
16018.480284
16030.588676
16043.873443
16064.066644
16084.915396
16098.641230
16133.082655
16149.511556
16168.323203
16201.229869
16209.833314
16216.492060
16234.967761
16251.595402
16251.598277
16294.602572
16301.233090
16333.398296
16337.453301
16354.583505
16366.189538
16379.805107
16422.817536
