42.747518
42.788697
55.529511
59.397613
77.570775
101.687939
111.543570
118.391921
141.915053
148.640950
154.400870
200.309219
210.216146
211.393294
254.080720
256.849410
259.380973
295.734459
310.363997
312.001107
319.465238
343.361577
353.468914
354.661462
372.725166
373.239426
409.860795
419.130132
419.973183
433.539913
448.277536
455.698319
466.246469
479.105722
486.349811
494.595043
500.951623
541.125465
548.177018
554.281558
559.513533
564.624859
567.537452
602.706070
630.305557
635.045869
650.520437
652.458183
676.301028
678.564151
695.981956
698.503645
711.794658
732.779976
734.074047
760.593622
761.489425
767.597921
772.206667
774.413575
823.731087
833.193781
834.545566
850.552151
858.032667
888.190634
897.018595
914.311377
926.519878
935.842964
949.452103
969.280912
982.276834
1008.276336
1008.888902
1015.547136
1031.655829
1036.465673
1037.768149
1090.664122
1092.747228
1093.171160
1113.196365
1127.886126
1153.892635
1170.700676
1188.692357
1214.546531
1215.228139
1257.372797
1264.795629
1276.693104
1291.924762
1296.914744
1300.938678
1324.052226
1324.505019
1325.397132
1325.708373
1359.719475
1365.105312
1370.768690
1383.801579
1425.673028
1426.538382
1459.345796
1470.565695
1473.090771
1480.722348
1492.899938
1534.492614
1535.520916
1541.172293
1577.702008
1582.612404
1587.668971
1610.832230
1625.099993
1633.400285
1647.999526
1676.627856
1686.732824
1709.133403
1720.649531
1733.612180
1745.805016
1763.692803
1768.645422
1768.813346
1789.501973
1792.688757
1810.197994
1823.242170
1832.457760
1842.534728
1851.745737
1857.435507
1858.122854
1858.319607
1900.871897
1904.650591
1910.896676
1934.450560
1935.215034
1951.578261
1993.398060
1997.717353
2003.046323
2005.352269
2052.888478
2052.904897
2059.128441
2065.372771
2069.597379
2071.760305
2080.723735
2107.405474
2115.765206
2129.179297
2151.882406
2168.899507
2181.128739
2181.617786
2215.071082
2227.584990
2248.943382
2251.502088
2275.331312
2276.262798
2296.323280
2316.516448
2327.940037
2330.425209
2335.533893
2351.483866
2359.659936
2383.120976
2385.223294
2402.569924
2416.992585
2427.872791
2444.566308
2446.300069
2460.698336
2480.365045
2504.706823
2505.379922
2523.343519
2528.202051
2550.642148
2550.858240
2566.404472
2572.890797
2579.206775
2609.302440
2627.618417
2633.456845
2635.314638
2660.846594
2678.681687
2681.926819
2685.689052
2713.598526
2728.775894
2756.469345
2762.092410
2789.659907
2812.770583
2820.614538
2822.901294
2843.684648
2850.906827
2857.504903
2900.738133
2902.558750
2912.380070
2936.256282
2954.705344
2961.563217
2967.940458
2973.810486
2985.205660
2998.691651
3001.650400
3035.348346
3038.072584
3057.266053
3075.070839
3090.107709
3096.060231
3124.989236
3136.257752
3154.875361
3166.968035
3173.653695
3191.023228
3221.744444
3231.044076
3238.386640
3254.936227
3265.035156
3285.911776
3298.903814
3300.125381
3306.868587
3330.548005
3340.705263
3341.316624
3383.539663
3389.257318
3394.325794
3395.408035
3418.059028
3457.266559
3464.553990
3466.361656
3485.030179
3503.603749
3527.379102
3540.990131
3550.400118
3578.002538
3593.965460
3611.804416
3616.684756
3658.963284
3661.908614
3678.530774
3691.928691
3704.889369
3720.027571
3726.712548
3760.332960
3768.254639
3781.564436
3791.549410
3794.804451
3814.518650
3842.051892
3850.699775
3868.332786
3873.497639
3883.928130
3896.706182
3917.602685
3947.014807
3949.814073
3951.976855
3961.505045
3972.059899
3983.042484
3994.168001
4013.053965
4018.170284
4030.768685
4060.390788
4061.293182
4084.960437
4090.332436
4107.118404
4140.964382
4149.370267
4167.933799
4168.716590
4183.536974
4186.229845
4209.190013
4221.817050
4227.360859
4231.636243
4266.950807
4282.928072
4289.676571
4293.352062
4307.120295
4330.870051
4336.250099
4378.604920
4379.054237
4381.789800
4404.660077
4425.318387
4434.888329
4479.991479
4480.863229
4490.653160
4502.872390
4526.878528
4528.276551
4533.279486
4535.906925
4549.441100
4576.631224
4582.571120
4585.431649
4596.457125
4625.100453
4625.714476
4631.685552
4632.811933
4651.009069
4676.239433
4701.222000
4705.552469
4732.533783
4752.726048
4759.976279
4776.125203
4799.855915
4809.827599
4835.837788
4855.390278
4868.618775
4876.418481
4902.485731
4910.988000
4912.603753
4935.966066
4959.407010
4963.056452
4966.252471
4999.999350
5009.390066
5017.445514
5023.677839
5048.355648
5051.784025
5064.031172
5067.280705
5076.166937
5110.439387
5110.923235
5134.049114
5135.418910
5158.069930
5176.840146
5198.306858
5212.015998
5213.657503
5235.006937
5243.129936
5258.001407
5275.205959
5285.216880
5316.259958
5322.405401
5332.448896
5351.929279
5370.335281
5392.509140
5399.498986
5419.367356
5425.590865
5452.102057
5463.461794
5469.265891
5480.915951
5528.004623
5528.354632
5530.388753
5583.253469
5587.119194
5604.020141
5637.857871
5654.515133
5663.169984
5685.110682
5721.515794
5721.941928
5732.278929
5733.436331
5743.565437
5749.775212
5765.896339
5777.970232
5787.038359
5789.332810
5811.945855
5813.244056
5821.460965
5834.505332
5865.439052
5878.020317
5895.748178
5941.651468
5944.960072
5950.781498
5963.004703
5987.075650
6001.078189
6005.792452
6044.025657
6066.946613
6076.627445
6086.873367
6088.840230
6100.424547
6104.606879
6121.861145
6135.834339
6139.936888
6145.323596
6150.006533
6156.477529
6182.667679
6185.552764
6212.065574
6212.142500
6238.002734
6255.762369
6266.017856
6270.341532
6290.299802
6299.263494
6306.369740
6309.652442
6313.047912
6346.728957
6360.289156
6369.266610
6407.201777
6412.032885
6416.433838
6422.486070
6454.313626
6462.628524
6472.063227
6487.687751
6498.199234
6501.279488
6517.730838
6521.212576
6521.267735
6522.892641
6529.813054
6531.425152
6538.485106
6570.486147
6581.235487
6586.302073
6620.202946
6631.780951
6639.357173
6654.128136
6668.720160
6692.629626
6697.093755
6698.187695
6721.240850
6730.098505
6733.841545
6747.448947
6763.670932
6773.062209
6774.197568
6797.408136
6801.856103
6840.868716
6855.794537
6855.951135
6870.286281
6879.047310
6897.392428
6903.446809
6930.496816
6950.380267
6953.452574
6996.732868
7004.959770
7006.033594
7056.835465
7059.050608
7064.276523
7065.859350
7082.531275
7105.178267
7112.291833
7131.242771
7158.426077
7174.666761
7181.146229
7188.151622
7200.800935
7213.068304
7217.124282
7257.062027
7259.868511
7269.107127
7279.727327
7294.204786
7295.165252
7302.273055
7304.046474
7329.446188
7338.516511
7378.066798
7383.868166
7401.455993
7405.623333
7421.156263
7438.368021
7443.419314
7448.845596
7477.524008
7487.338924
7493.225946
7498.732463
7515.998677
7550.555899
7554.332866
7555.382224
7602.301719
7606.600846
7613.701551
7657.609467
7661.990161
7672.583545
7677.809548
7690.320611
7717.546153
7719.426944
7727.514800
7742.130458
7748.686388
7773.232558
7774.620007
7812.835427
7824.558280
7829.388246
7829.767158
7872.471988
7890.234238
7899.991661
7931.910186
7939.193161
7945.215101
7976.206902
7983.404749
7999.041630
8035.126757
8045.635597
8051.002083
8106.118585
8106.251467
8106.362010
8110.399466
8112.035362
8152.277624
8173.108646
8185.528831
8199.764318
8207.964818
8228.695114
8241.048115
8254.785613
8272.760848
8282.963497
8301.619125
8305.785563
8340.438462
8341.595822
8356.125570
8382.033879
8396.111541
8405.161721
8417.042598
8419.638155
8428.193558
8450.987935
8452.981566
8471.818690
8482.502404
8508.875093
8509.972869
8533.184015
8543.511754
8577.308330
8585.966680
8593.187423
8594.207776
8608.954141
8611.434080
8612.959862
8644.323369
8655.167335
8674.176740
8678.474919
8684.471289
8708.184161
8710.073570
8715.817479
8744.481839
8761.895870
8766.751904
8773.181002
8793.034783
8800.362667
8823.368804
8826.467409
8843.657756
8860.728281
8877.138232
8884.491796
8885.160480
8931.988370
8932.742324
8943.686174
8967.010390
8981.026707
8986.623947
9020.267669
9022.910079
9033.735900
9043.541513
9046.202537
9056.631100
9080.604400
9099.636070
9099.965144
9102.776073
9127.045831
9143.012250
9161.382307
9182.187309
9184.437351
9198.783002
9243.227128
9243.488624
9265.765332
9266.583540
9271.949378
9289.881773
9290.427318
9321.111449
9344.087543
9366.466390
9367.515740
9371.619242
9388.138460
9390.522819
9425.602374
9431.638065
9445.913013
9448.686280
9471.696498
9472.642663
9493.441162
9494.348942
9498.078305
9523.277696
9553.819187
9554.270405
9554.958480
9615.642375
9620.457672
9629.131605
9670.817023
9686.279699
9692.795386
9705.049266
9726.703801
9742.225613
9764.113288
9774.378226
9776.268617
9820.202577
9823.041862
9836.277051
9845.938539
9853.888302
9877.951384
9896.458750
9906.773210
9908.451141
9922.170882
9941.201797
9942.281428
9951.479608
9965.060379
9997.985898
9998.277925
9999.663942
10040.872151
10042.089502
10045.375229
10058.728656
10074.275616
10097.191531
10114.406542
10148.834702
10150.134672
10161.100833
10165.388269
10172.854479
10175.372285
10195.350937
10208.535051
10219.011713
10221.732788
10242.197373
10276.177771
10283.458780
10294.395900
10310.413372
10331.427986
10345.164438
10353.550184
10367.085927
10371.304415
10392.070860
10423.397090
10430.670105
10446.415694
10489.612570
10491.191991
10507.653550
10507.824285
10522.397513
10525.180105
10537.685265
10539.113958
10548.863415
10568.668261
10592.605716
10607.596319
10624.039655
10641.410887
10659.644837
10666.291121
10684.938100
10689.188678
10702.484759
10745.153531
10746.017482
10747.169191
10757.537632
10763.445081
10792.058697
10800.187077
10823.140543
10835.330121
10843.171602
10845.717495
10852.637665
10856.040765
10901.884129
10916.795968
10922.433289
10962.790070
10968.252276
10969.086697
10997.659924
11010.000941
11010.428913
11035.075552
11057.448708
11074.417983
11090.998358
11114.751684
11118.242129
11134.205001
11147.336140
11157.478458
11178.453389
11186.637352
11203.380959
11215.720329
11224.685963
11236.708056
11238.659070
11238.937574
11258.918222
11261.474976
11283.563083
11300.490358
11306.284017
11315.888317
11326.122926
11328.943969
11361.385341
11393.753942
11405.297482
11407.590402
11428.149359
11436.558705
11450.816015
11451.725260
11453.845848
11463.277907
11474.977284
11480.075079
11514.461268
11515.420626
11533.491318
11555.859737
11558.383167
11562.495471
11609.530126
11613.666886
11614.964039
11637.269516
11656.775308
11670.629539
11679.401121
11713.126451
11717.633516
11736.021256
11736.233645
11759.574115
11778.720688
11782.194464
11803.150558
11833.894106
11857.945812
11858.604816
11881.115930
11914.906103
11916.427782
11928.258995
11932.703851
11981.712018
11988.884557
12009.178417
12024.612971
12032.529617
12049.994989
12053.262774
12091.587365
12091.720695
12104.935991
12148.113849
12150.636549
12151.437944
12174.242049
12208.837286
12212.193916
12214.696160
12232.291750
12248.883118
12255.624996
12266.522288
12272.163077
12273.752362
12287.113726
12292.214499
12314.724496
12316.741588
12321.601663
12326.756874
12337.869091
12360.411325
12361.237173
12377.549131
12377.812140
12383.604206
12415.650340
12416.186334
12424.388731
12442.409141
12465.552631
12483.589808
12485.620272
12488.488504
12510.935677
12527.742616
12532.550566
12533.962193
12557.413764
12581.197759
12582.855669
12593.110872
12604.298461
12627.169613
12638.534225
12639.603779
12672.692398
12685.414656
12686.450297
12715.134999
12721.496285
12744.688785
12746.588233
12759.229217
12768.126090
12793.838755
12801.135416
12801.493516
12844.881667
12844.925598
12854.955362
12855.364787
12868.546124
12910.420184
12912.565495
12914.174860
12944.640558
12968.179188
12968.768807
12971.467039
13003.047330
13026.674509
13042.993850
13044.547364
13057.983041
13074.273042
13104.358978
13114.467521
13135.588123
13149.013527
13179.791871
13187.493254
13196.469254
13215.705998
13233.950085
13249.474595
13251.837318
13255.344055
13278.130085
13284.371578
13313.212428
13351.048221
13353.572835
13360.631086
13384.497794
13407.887354
13428.847585
13440.076141
13452.371530
13463.062968
13469.076247
13483.448831
13517.072392
13524.552710
13526.646615
13528.349836
13540.618231
13550.899265
13560.399254
13571.841547
13610.119968
13616.295741
13619.341206
13647.325640
13650.402314
13666.603346
13685.538324
13696.817337
13709.111582
13717.519014
13727.658893
13759.552163
13760.447657
13785.975682
13788.947270
13791.614767
13793.709779
13808.996305
13843.805835
13849.652346
13849.820987
