45140
120140
135152
225344
239969
299947
315508
359958
360725
405787
450828
479996
495732
585680
599917
630775
659981
675847
720129
720860
780171
810931
840410
855804
900356
945659
990649
1020347
1035662
1080287
1080703
1125790
1140208
1170734
1200101
1259991
1305755
1319752
1379816
1395675
1439911
1440866
1485727
1500053
1530774
1560078
1575701
1620168
1620640
1665691
1680265
1740315
1755776
1800152
1845663
1890605
1935566
1980266
2025525
2040344
2070542
2100479
2115679
2160344
2160542
2250430
2280228
2295304
2340241
2340263
2385176
2400299
2430353
2475322
2520311
2565338
2610384
2640244
2655526
2700109
2700407
2745444
2760190
2790496
2820116
2835436
2880137
2880485
2925517
2940200
3000307
3015630
3060584
3105805
3120508
3150758
3180481
3240375
3241069
3286124
3331022
3360262
3376113
3421256
3466247
3511163
3540094
3556191
3599810
3601220
3659922
3691273
3719860
3779914
3781328
3826384
3839773
3871403
3899848
3916562
3960070
4006546
4019964
4079955
4096601
4141495
4186545
4199897
4231617
4260011
4276625
4319976
4321657
4411687
4439897
4499986
4501432
4546415
4559963
4591450
4619972
4636397
4679895
4681290
4771456
4799988
4816548
4860061
4861591
4906721
4920117
4951758
4980017
4996710
5040072
5041580
5086682
5100183
5131625
5160210
5221639
5266588
5280049
5311706
5356858
5400134
5401847
5446671
5460045
5491788
5536793
5580010
5581849
5626697
5671731
5699784
5759863
5761847
5806938
5819920
5851826
5939791
5999881
6031819
6059843
6076896
6119905
6121824
6166912
6179846
6211809
6239808
6256829
6299877
6301712
6346824
6360134
6482210
6527236
6540300
6572093
6600311
6660320
6662325
6707546
6720272
6752590
6780078
6797700
6840247
6842709
6887606
6900345
6932681
6960251
7020186
7067599
7080248
7157593
7200253
7202850
7247783
7260206
7292739
7320340
7380586
7382849
7440836
7472793
7500780
7560894
7563004
7607952
7620869
7652972
7680900
7697854
7740985
7800992
7832939
7860911
7877816
7920977
7922915
7967812
8012807
8041033
8057762
8100988
8102726
8147514
8161066
8237511
8281288
8327620
8341365
8372766
8401385
8417692
8461725
8462736
8507772
8521771
8552732
8581809
8597535
8642492
8687461
8701819
8761919
8777510
8822648
8867837
8881561
8912589
8941613
8957489
9001577
9002436
9047385
9061612
9092330
9137402
9181670
9182637
9227679
9241591
9272667
9301609
9317587
9361581
9362711
9407647
9452587
9481594
9542568
9587478
9601364
9632261
9661284
9677347
9721384
9722114
9812084
9901332
9901994
9946996
9961245
9991838
10021184
10036992
10126939
10141359
10171958
10201274
10217163
10261089
10307233
10321024
10397050
10441233
10442062
10487160
10501236
10561131
10576995
10620991
10622030
10666913
10680977
10711844
10740992
10756819
10801896
10846679
10891861
10921077
10981265
10981639
11041299
11101261
11116563
11206562
11221156
11251533
11296706
11341393
11341472
11386612
11401534
11431412
11521517
11521684
11566358
11611417
11641613
11656192
11701584
11746223
11761730
11791030
11821737
11836112
11881031
11881639
11925949
11941611
11971045
12001575
12015964
12060946
12061555
12105955
12150953
12181567
12195999
12240993
12241601
12285911
12301454
12331043
12361305
12420872
12421328
12465783
12481254
12511004
12541223
12556004
12600909
12645971
12690970
12721114
12780963
12781241
12826003
12841159
12870969
12915986
12960994
12961001
13006014
13020958
13080898
13096088
13140893
13141193
13186285
13200890
13231253
13260879
13276300
13320987
13321213
13366216
13381157
13411252
13440983
13456098
13501000
13501153
13545991
13620889
13635709
13680743
13680775
13725798
13740784
13770837
13800885
13815743
13860715
13860841
13980809
13995930
14040917
14085849
14100707
14160801
14220536
14220719
14340819
14400916
14460870
14520856
14535661
14580722
14580724
14625666
14670813
14700978
14760860
14761144
14806012
14821223
14851049
14881283
14896132
14941244
14986186
15001065
15031231
15060964
15076171
15166166
15210984
15241008
15256047
15300985
15301095
15346130
15361001
15391104
15421033
15436171
15481231
15526205
15541138
15600891
15660777
15706120
15720874
15751158
15781014
15840948
15886382
15901023
15961100
15976358
16021175
16021393
16066244
16081081
16111254
16141107
16156248
16201132
16201161
16246341
16261180
16291110
16381242
16471020
16560978
16561486
16606082
16621254
16650991
16681233
16696006
16741018
16741252
16786030
16801296
16831309
16861336
16876256
16921273
16966391
16981192
17011473
17041260
17056692
17101129
17101663
17146714
17160992
17191574
17236764
17281052
17281969
17326790
17371841
17400973
17416961
17507158
17521013
17552142
17581109
17640965
17642082
17687108
17700792
17732175
17760830
17777144
17820794
17822143
17880779
17940778
17957139
18000868
18046838
18060629
18091647
18180738
18226493
18240793
18271624
18300988
18361131
18406347
18420977
18451272
18480910
18496293
18540904
18586499
18600888
18660819
18676353
18720614
18766377
18811258
18840614
18900673
18901166
18946203
18960584
19036266
19080638
19081153
19126206
19140754
19171120
19216379
19260896
19261406
19306479
19320772
19351459
19380908
19396391
19440871
19486416
19500783
19531353
19560756
19576323
19620712
19621482
19666561
19680656
19711537
19740857
19800724
19846389
19860615
19891338
19920582
19936477
19980346
20026451
20040306
20071490
20100260
20116562
20160157
20161620
20206839
20220246
20280284
20296496
20340353
20341441
20386410
20400426
20431502
20460272
20476613
20520350
20521582
20566437
20580231
20611514
20640271
20656666
20700603
20701650
20746645
20760722
20791670
20836842
20880632
20881844
20940628
20971779
21000745
21016848
21060740
21061863
21106812
21151825
21196850
21240723
21241842
21286767
21331766
21360420
21376796
21420305
21421957
21466869
21480243
21511847
21540232
21556931
21601933
21646833
21660430
21720394
21737143
21780512
21781977
21900593
22006886
22020625
22051892
22080659
22096998
22140641
22141911
22200710
22232025
22260601
22276959
22321742
22366559
22380649
22411552
22440755
22456681
22500812
22546861
22591972
22620945
22636939
22681081
22740925
22771957
22800842
22816903
22860883
22861885
22906806
22920827
22952046
22980781
22996937
23086947
23100671
23131966
23160546
23176951
23220495
23221857
23280514
23311874
23340522
23356714
23400600
23460464
23520309
23536665
23580149
23626388
23640273
23671612
23700136
23716583
23761459
23806534
23820110
23851679
23880080
23896518
23940248
23941658
23986663
24000168
24031690
24060205
24076685
24120156
24121672
24166800
24180307
24211746
24240207
24256871
24300224
24346830
24360285
24391901
24420415
24436882
24480409
24481819
24526713
24616886
24660198
24662004
24707125
24720241
24752171
24780268
24797119
24840268
24841887
24886725
24931856
24960221
24976779
25020286
25080307
25111882
25140444
25156784
25201823
25246766
25260619
25320559
25336808
25380685
25381772
25426700
25471701
25500893
25516715
25560943
25561513
25620789
25651488
25680821
25696511
25740803
25741644
25786573
25800884
25831684
25860829
25876713
25920949
25921806
25966939
25980831
26011945
26040877
26057060
26100891
26160906
26220921
26237170
26281037
26282076
26327133
26372234
26401125
26460931
26461917
26506832
26520930
26551657
26581086
26596642
26641000
26686704
26701114
26731788
26761099
26776835
26820957
26821884
26866806
26880868
26911785
26940888
26956826
27001803
27060996
27091735
27120910
27136867
27181918
27240977
27271876
27301009
27317100
27361199
27361984
27421178
27451899
27481126
27496765
27541169
27541776
27586838
27601110
27631847
27676855
27766826
27781108
27811875
27841197
27901346
27901757
27946775
27961335
27991707
28021504
28081417
28081900
28126899
28171874
28201238
28216930
28261269
28261768
28306801
28321093
28381314
28396808
28441350
28441760
28486698
28501346
28561305
28666867
28681313
28741368
28756702
28801612
28801699
28846683
28891833
28921618
28936832
28981505
28981841
29041720
29071809
29101583
29116829
29161675
29206610
29221525
29281433
29296529
29341465
29386397
29431478
29461635
29476347
29521548
29566305
29581443
29611260
29641627
29701105
29701697
29746008
29761733
29790874
29881573
29925649
29941549
29970667
30001571
30060452
30061595
30105585
30121545
30150597
30181521
30195465
30241622
30285176
30301510
30330270
30361453
30375217
30420278
30421548
30481533
30510476
30541499
30555499
30600540
30601258
30645644
30661133
30690734
30721032
30780846
30780940
30825736
30840994
30870819
30901010
30915612
30960536
30960919
31005608
31020968
31050611
31081022
31095821
31140833
31185971
31230936
31260456
31321008
31365956
31380457
31410779
31440649
31456057
31500612
31501227
31560592
31591365
31620643
31636223
31680764
31681213
31726258
31740818
31771152
31800697
31816236
31860825
31861061
31906077
31920922
31951096
31981004
32041356
32086382
32101017
32131264
