31.595709
54.588886
94.489758
110.148955
132.514579
186.957809
198.621760
219.590314
251.555858
314.527186
331.772608
347.211675
398.069848
439.320547
465.114607
470.789698
496.275975
601.258610
604.351797
655.765332
668.699060
715.736643
717.653557
748.570797
770.892864
780.064990
801.213606
826.315310
840.135850
868.642603
870.539020
900.388819
930.710779
936.230660
937.129686
962.356465
993.554104
1045.666715
1056.505677
1070.227477
1098.835625
1135.674053
1147.372015
1153.726433
1203.689624
1207.092630
1209.370699
1238.137546
1264.119756
1272.210309
1298.798799
1330.683281
1339.525156
1362.258393
1374.533851
1408.142627
1429.552060
1456.312080
1483.973099
1488.031261
1519.225023
1539.264975
1543.929316
1578.689560
1594.803339
1610.586904
1640.252772
1649.870325
1670.983771
1700.964462
1705.140801
1732.799559
1743.694902
1764.161944
1810.795228
1816.673385
1856.137883
1871.869889
1877.565803
1887.097725
1917.604456
1946.692414
1979.018336
1979.924433
2011.252371
2034.710616
2042.284560
2080.211865
2088.571333
2133.019645
2194.026412
2196.407702
2214.441679
2255.870831
2281.343334
2306.733890
2349.563581
2361.540207
2411.428946
2414.309989
2417.318663
2442.910770
2471.416218
2481.771825
2506.644206
2526.407461
2537.681224
2548.603987
2570.003293
2581.893132
2599.193951
2614.265956
2629.933699
2681.352598
2690.876796
2749.503072
2753.288325
2784.959960
2849.337607
2882.172894
2911.639726
2915.197076
2953.085669
2968.969719
2970.739443
3022.041927
3030.483909
3062.566602
3086.536105
3124.244795
3132.957301
3153.645808
3155.726896
3218.034777
3218.591190
3242.461795
3248.510925
3286.703892
3297.306818
3311.184815
3342.083911
3352.773271
3353.602363
3435.133174
3462.803348
3465.929423
3488.164776
3529.067864
3554.279000
3573.212959
3592.637647
3621.625273
3624.389866
3686.602344
3717.894695
3748.180424
3755.363393
3779.895138
3810.451884
3822.601333
3849.982233
3902.009652
3903.503038
3931.268446
3956.958104
3959.523643
3959.756093
4070.906905
4082.800059
4091.363999
4125.874461
4146.090239
4158.869004
4210.619652
4225.908508
4234.999982
4273.555502
4289.590014
4293.039752
4343.535166
4397.928755
4398.282836
4425.467991
4428.698402
4453.984765
4460.987662
4490.482645
4491.861316
4524.021746
4555.297758
4557.945604
4563.843385
4586.612335
4617.553069
4619.283388
4627.293591
4673.876899
4711.846125
4728.291489
4742.939260
4761.369966
4783.181043
4804.401476
4827.292589
4838.930892
4893.713936
4893.921138
4927.368948
4947.609467
4960.946696
4991.856086
5003.329874
5029.249529
5054.799362
5084.569731
5095.704324
5115.533604
5145.526553
5161.987190
5170.386725
5175.682856
5206.653982
5225.700615
5230.357059
5236.724229
5268.626514
5279.484944
5297.734443
5300.514230
5334.564290
5363.032228
5365.566059
5388.181087
5391.451651
5432.306380
5443.099222
5452.652600
5483.354205
5499.629363
5514.312455
5543.912354
5565.059953
5575.131836
5605.624284
5662.266891
5666.741372
5696.871741
5699.447074
5716.351025
5727.779175
5757.680044
5765.917370
5771.835848
5789.812071
5819.807869
5826.475011
5834.910788
5850.100550
5883.382436
5902.833592
5913.033508
5937.803685
5943.367460
5969.303920
5975.815960
6007.281514
6036.511607
6046.351757
6067.074371
6099.333642
6100.694885
6105.874579
6129.255217
6160.949870
6191.527947
6207.890593
6241.697911
6256.169339
6261.727809
6285.231244
6307.833628
6317.281684
6351.977605
6375.834108
6417.417065
6442.254357
6448.504552
6479.454285
6482.287294
6508.391472
6537.228692
6540.171030
6571.455309
6575.687064
6591.226149
6601.203928
6641.719029
6648.279328
6665.426108
6697.074147
6728.788995
6760.519816
6814.049066
6823.710767
6908.141719
6947.985830
6974.173629
6976.417762
6979.291187
7012.760730
7030.921142
7041.132873
7044.968652
7076.132664
7085.995696
7108.742208
7109.320026
7142.103450
7174.119210
7177.059072
7205.452341
7244.825025
7250.421038
7267.610150
7312.726798
7360.607469
7360.642014
7378.725878
7416.247953
7419.886946
7450.750456
7471.926197
7481.463846
7513.446882
7527.021500
7546.869294
7578.076111
7580.605237
7582.616208
7639.361787
7647.754989
7714.669821
7744.780217
7761.304977
7782.466235
7794.451625
7800.552211
7850.239200
7856.542697
7887.385317
7911.916810
7917.098336
7918.660518
7966.587354
7984.479670
8011.267365
8051.184432
8074.640594
8104.736142
8117.040563
8134.660486
8196.581726
8228.347344
8251.777483
8259.785157
8291.162617
8297.239829
8320.083323
8323.035961
8352.253957
8354.450716
8407.162756
8417.249700
8447.368862
8450.776558
8462.413216
8478.417567
8511.585626
8518.686340
8542.735980
8573.091686
8605.506387
8627.508633
8635.892764
8680.751160
8696.958922
8717.997019
8759.647501
8785.331942
8790.245629
8790.742737
8846.526535
8850.837429
8882.581949
8902.044114
8913.820324
8921.405376
8944.576157
8956.905714
8974.969183
9010.973906
9036.243294
9065.262770
9069.540473
9100.092332
9120.157424
9121.477256
9132.578182
9163.604559
9176.097243
9188.067102
9194.845863
9225.052821
9229.488885
9256.297344
9286.999313
9316.833526
9321.417323
9348.492933
9391.446505
9410.461851
9442.337570
9446.147926
9457.441834
9501.825071
9532.561229
9556.485499
9590.109165
9597.134084
9612.395192
9626.540545
9659.352378
9689.726786
9722.204308
9776.488415
9783.922279
9846.230558
9856.966728
9874.876962
9884.674444
9906.763340
9923.196833
9990.819192
9993.070968
10000.576899
10031.685249
10046.257677
10058.492269
10093.400310
10099.619635
10124.717210
10127.919948
10155.445950
10155.771415
10194.143417
10218.380415
10249.740291
10261.624165
10268.897242
10281.944438
10311.377492
10323.320253
10328.254467
10342.186633
10373.402407
10377.347816
10394.274814
10432.024525
10462.791484
10485.784455
10499.767185
10529.365564
10530.182702
10540.147332
10559.091979
10589.489176
10596.504505
10620.481259
10649.808297
10650.215269
10663.151806
10703.480936
10710.125473
10740.805751
10760.209976
10772.833431
10796.295697
10802.543177
10833.461371
10861.179705
10871.226312
10893.313748
10924.828580
10928.469601
10996.197679
11049.265031
11078.816832
11090.572157
11108.632273
11131.089861
11145.998207
11170.215752
11198.451834
11200.548336
11230.133625
11255.646582
11262.381841
11265.047857
11322.348205
11331.992847
11355.126901
11364.893343
11397.821464
11418.097760
11449.402061
11465.386822
11480.915645
11513.357726
11532.050951
11576.285613
11600.299694
11607.382966
11639.344235
11641.954906
11665.862283
11671.058223
11696.432065
11703.031463
11735.417634
11750.980396
11797.787245
11805.187404
11858.552723
11859.551285
11863.611540
11891.311479
11922.256954
11930.187824
11952.237429
11967.354483
11997.403694
12043.665251
12064.828712
12075.321632
12076.323797
12105.152068
12167.534210
12185.077870
12198.686400
12228.887910
12264.841398
12292.952876
12295.685329
12325.592844
12331.436390
12351.758784
12356.335487
12386.949337
12398.523664
12417.373648
12464.458914
12509.673050
12517.751129
12529.406992
12541.106034
12571.435902
12605.902687
12665.108755
12698.570360
12730.486819
12732.501156
12737.129779
12792.705843
12798.493910
12823.222420
12848.475845
12853.869614
12884.751678
12904.479146
12913.882664
12930.030493
12960.001425
12975.669434
12997.399818
13005.563996
13013.847242
13035.214583
13064.038801
13066.036947
13096.649214
13122.671042
13125.926074
13128.787663
13157.163833
13176.613390
13189.034361
13196.693691
13231.017722
13251.912412
13264.123249
13281.690838
13285.958473
13332.016859
13344.970358
13397.482726
13408.396372
13440.348286
13464.487609
13508.204440
13532.039302
13535.622939
13563.623899
13568.183041
13599.885588
13616.822841
13631.871165
13660.783877
13693.160983
13728.059014
13732.361007
13752.334018
13784.371213
13799.486691
13813.677468
13839.809133
13867.174922
13895.705338
13909.200831
13940.991034
13949.634327
13973.744606
14003.073337
14004.120924
14036.266651
14060.116104
14065.620416
14097.162436
14116.172308
14126.483639
14137.998270
14157.822134
14170.831830
14220.507644
14250.226201
14279.777379
14281.332902
14311.585840
14336.094269
14338.918893
14342.650521
14373.802798
14391.565260
14404.944163
14435.507217
14445.735466
14466.157088
14527.368278
14536.686449
14555.183161
14561.000576
14590.398242
14603.370347
14610.565610
14621.137898
14651.777435
14665.422073
14683.725709
14715.943058
14721.161513
14774.620053
14775.579952
14804.798122
14806.769788
14867.429749
14870.192349
14886.169181
14898.092366
14928.396256
14936.046743
14940.842452
14958.664839
14988.192143
14994.952018
15003.670626
15050.325807
15070.498967
15080.901408
15105.758727
15172.066280
15201.753647
15202.834653
15215.227527
15233.769254
15269.886458
15298.115754
15331.172596
15336.170791
15362.980843
15394.049703
15402.125930
15455.708575
15469.829250
15486.365678
15517.515949
15544.442226
15547.353884
15578.534859
15603.244895
15639.766291
15655.682104
15671.575829
15702.532498
15732.229597
15737.797716
15762.420952
15763.776443
15795.742526
15816.416104
15857.958485
15871.511931
15872.898903
15926.644555
15951.609008
15982.152065
15983.139884
16012.869279
16038.562192
16043.238962
16072.672703
16073.559673
16105.273918
16136.456655
16149.653964
16166.975947
16197.671271
16203.896214
16228.503604
16258.140158
16274.611962
16289.215129
16311.916413
16320.471061
16341.163493
16349.538489
16366.518005
16409.433195
16413.955446
16422.219083
16446.896853
16477.861893
16509.370185
16532.855607
16541.207186
16542.326014
16572.616823
16588.179141
16609.163979
16636.979186
16667.992173
16677.311574
16696.847794
16727.592842
16742.919257
16750.701393
16759.291071
16791.598545
16805.676262
16811.595577
16822.635706
16860.299403
16915.103745
16944.814795
16976.556226
17006.749110
17012.841638
17025.291834
17069.392167
17078.280641
17080.014392
17098.581885
17130.435694
17134.809086
17144.572064
17159.310789
17190.465877
17219.691746
17246.047808
17277.679370
17281.251018
17301.738517
17312.383931
17341.983234
17344.811450
17355.677166
17372.016711
17404.797554
17436.932223
17464.006124
17497.455838
17528.215150
17545.483870
17559.623759
17577.361957
17589.914936
17622.498316
17654.139227
17680.168266
17686.021844
17686.882602
17717.172086
17748.842241
17778.659992
17797.395443
17810.277517
17812.219060
17841.602257
17852.060691
17873.819557
17879.297445
17932.808632
17946.271241
17962.736182
17963.240904
17994.112825
18012.308099
18023.764780
18074.368871
18079.270346
18113.744089
18142.544018
18146.630529
18186.336381
18202.745191
18212.297773
18234.135227
18239.997655
18264.117444
18280.381232
18295.162938
18295.894900
18325.949696
18348.462762
18357.383981
18388.564143
18403.630148
18419.790867
18450.420134
18481.520178
18482.763578
18512.635004
18513.045844
18548.864271
18567.300261
18607.500018
18615.847940
18622.230894
18668.080281
18676.751628
18683.646295
18699.412797
18731.013030
18733.203731
18750.454216
18762.469300
18793.092301
18815.759813
18824.434527
18843.312568
18853.954514
18883.834794
18884.466952
18898.697202
18945.953977
18955.045320
18977.112452
19007.546037
19017.655589
19039.419742
19098.758213
19130.863486
19177.877621
19195.178324
19216.736741
19231.925742
19256.401218
19283.443310
19284.588413
19286.005418
19318.356066
19340.491016
19350.743277
19351.722840
19413.728566
19443.934602
19449.740978
19476.457994
19505.920895
19535.519227
19552.980060
19565.985409
19596.820612
19614.159050
19620.695575
19629.236105
19658.859717
19668.349921
19687.327544
19785.294129
19822.449778
19845.896965
19891.227220
19907.745173
19939.494301
19942.291048
19970.420830
19997.634138
19999.956774
20025.787400
20053.188441
20091.351085
20093.037045
20108.393728
20124.426606
20157.779424
20158.882074
20162.937031
20187.944231
20219.237904
20220.349617
20226.331119
20249.293016
20281.434439
20294.624611
20331.414394
20343.022996
20373.030095
20388.772253
20402.867769
20428.303332
20444.149881
20465.642657
20495.711523
20499.996912
20527.466226
20555.524140
20558.662562
20562.001367
20609.111611
20629.457784
20649.158098
20679.521552
20695.545051
20718.491408
20741.355220
20773.765433
20774.535085
20805.811546
20828.994838
20829.438363
20835.720991
20867.569305
20886.743190
20895.735636
20899.083049
20929.761699
20941.694586
20961.439034
20962.664141
20997.196012
21029.197178
21052.905520
21086.051665
21107.387953
21116.628038
21146.999181
21163.016928
21179.211862
21228.998056
21272.196887
21275.332077
21297.373224
21305.419765
21327.457010
21335.406150
21383.825571
21397.646095
21456.518451
21487.276155
21497.089260
21549.559391
21563.778829
21579.862669
21602.505761
21631.191902
21640.072095
21658.480644
21671.554821
21698.066430
21702.278693
21713.603699
