33.921775
38.403178
42.747518
55.529511
59.397613
77.570775
101.687939
111.543570
118.391921
141.915053
147.323032
148.640950
154.400870
193.408330
200.309219
210.216146
211.393294
254.080720
256.849410
259.380973
268.388109
290.631168
308.483470
310.363997
312.001107
319.465238
343.361577
353.468914
372.725166
409.860795
413.135687
417.915467
419.973183
433.539913
436.736144
460.826699
466.246469
479.105722
485.529419
494.595043
500.951623
506.441008
541.125465
554.281558
567.537452
598.414413
601.099046
602.706070
604.083792
612.387529
630.305557
632.646923
635.045869
650.520437
652.458183
676.301028
678.564151
681.223209
698.503645
711.128340
711.794658
732.239647
734.074047
767.597921
772.206667
774.413575
805.433614
814.451844
823.731087
833.105072
833.193781
833.616318
844.121846
850.552151
858.032667
872.685210
875.682299
888.190634
914.311377
926.519878
935.842964
943.220994
949.452103
966.945457
969.280912
982.276834
994.265477
1008.888902
1031.655829
1036.465673
1037.768149
1090.664122
1092.747228
1092.800799
1093.171160
1113.196365
1121.717731
1127.886126
1153.892635
1170.700676
1177.488654
1188.692357
1188.947213
1201.810753
1214.546531
1215.228139
1248.223061
1257.372797
1264.795629
1276.693104
1279.377239
1280.430548
1291.924762
1308.980589
1324.052226
1324.505019
1325.708373
1357.064806
1359.719475
1360.151079
1370.768690
1383.801579
1425.673028
1426.538382
1459.345796
1480.722348
1481.398463
1483.392298
1492.899938
1512.810308
1533.722614
1534.492614
1535.520916
1541.055081
1541.172293
1547.054562
1577.702008
1587.668971
1596.606697
1610.832230
1633.400285
1639.527169
1647.999526
1676.627856
1680.650423
1686.732824
1693.100346
1709.133403
1711.933745
1733.612180
1745.805016
1755.106739
1763.692803
1768.813346
1782.941057
1789.501973
1792.688757
1810.197994
1822.138958
1823.242170
1836.912092
1846.993178
1851.745737
1857.435507
1858.122854
1858.704817
1879.816193
1900.871897
1904.650591
1909.716155
1910.896676
1934.450560
1935.215034
1951.578261
1969.126906
1993.398060
1997.717353
2003.046323
2022.038446
2038.488370
2044.798267
2045.922829
2052.888478
2059.128441
2069.597379
2107.405474
2110.831624
2115.765206
2129.179297
2142.362811
2151.882406
2168.899507
2181.617786
2195.768919
2215.071082
2227.584990
2248.943382
2251.502088
2275.331312
2289.643440
2316.516448
2319.732881
2327.940037
2335.002642
2335.533893
2351.483866
2353.346218
2356.841752
2359.659936
2379.208049
2383.120976
2402.569924
2427.872791
2438.061412
2444.566308
2446.300069
2454.784119
2457.901489
2480.365045
2499.567385
2504.706823
2505.379922
2507.840436
2510.958513
2523.343519
2528.202051
2550.642148
2566.404472
2579.206775
2604.490700
2609.302440
2627.618417
2635.314638
2640.144307
2675.994914
2678.681687
2681.926819
2685.689052
2713.598526
2728.775894
2747.241487
2748.793020
2756.469345
2762.092410
2764.378689
2789.659907
2805.872212
2820.614538
2822.901294
2843.684648
2850.906827
2857.504903
2900.738133
2902.558750
2912.380070
2913.391653
2944.871849
2957.021674
2957.033621
2961.563217
2967.940458
2973.810486
3001.650400
3035.348346
3038.072584
3057.266053
3075.797148
3090.107709
3096.060231
3124.989236
3136.257752
3154.875361
3166.968035
3191.023228
3221.744444
3231.044076
3238.386640
3263.013532
3265.035156
3285.911776
3298.903814
3306.868587
3318.146212
3326.572474
3330.548005
3340.705263
3341.316624
3361.780293
3370.780573
3383.539663
3389.257318
3395.408035
3412.057020
3418.059028
3426.116977
3440.211707
3441.754986
3457.266559
3462.211658
3464.553990
3470.786826
3485.030179
3497.504788
3503.603749
3527.379102
3540.990131
3550.400118
3593.965460
3611.804416
3616.684756
3653.170636
3658.963284
3661.908614
3669.948026
3691.928691
3704.889369
3720.027571
3723.005910
3731.152932
3751.969657
3757.120459
3760.332960
3768.254639
3775.652773
3781.564436
3791.549410
3794.804451
3814.518650
3842.051892
3850.699775
3873.497639
3883.928130
3896.706182
3917.602685
3939.338801
3949.814073
3951.976855
3952.149404
3961.505045
3967.832202
3972.059899
4013.053965
4017.692053
4018.170284
4030.768685
4042.578096
4042.937687
4060.390788
4077.125782
4084.960437
4090.332436
4102.224328
4107.118404
4119.841779
4140.964382
4149.370267
4167.933799
4183.536974
4209.190013
4221.817050
4227.360859
4231.636243
4282.928072
4284.282588
4293.352062
4293.743397
4307.120295
4317.998873
4330.870051
4336.250099
4360.149961
4367.550911
4378.604920
4378.750315
4379.054237
4381.789800
4394.160495
4404.660077
4412.471004
4425.318387
4429.240989
4434.888329
4452.412990
4479.991479
4480.863229
4485.024762
4490.653160
4502.872390
4520.478820
4526.878528
4531.328354
4533.279486
4535.906925
4540.596868
4549.441100
4576.631224
4596.457125
4607.067014
4611.965312
4625.714476
4632.811933
4633.343397
4635.386228
4646.844150
4651.009069
4654.340594
4676.239433
4701.222000
4705.552469
4731.142898
4732.533783
4752.726048
4759.976279
4776.125203
4783.302301
4799.855915
4809.827599
4835.837788
4855.390278
4863.868340
4876.418481
4883.457801
4902.485731
4910.988000
4912.603753
4924.821189
4928.200405
4935.966066
4959.407010
4963.056452
4966.252471
4978.021260
4982.476505
4999.999350
5001.355162
5009.390066
5017.445514
5035.418387
5057.719259
5064.031172
5067.280705
5076.166937
5087.210151
5110.923235
5131.171473
5134.049114
5135.418910
5158.069930
5176.840146
5180.037898
5212.015998
5213.657503
5218.310521
5235.006937
5243.129936
5258.001407
5275.205959
5285.216880
5292.470884
5316.014071
5316.259958
5322.405401
5322.510849
5333.346639
5351.929279
5359.075692
5370.335281
5392.509140
5416.554315
5419.367356
5425.590865
5437.607493
5463.461794
5469.265891
5480.915951
5489.155757
5493.284152
5499.149319
5515.718512
5516.418701
5528.004623
5528.354632
5530.388753
5558.408004
5561.889874
5583.253469
5583.972296
5587.119194
5604.020141
5637.857871
5642.640124
5654.515133
5663.169984
5670.415821
5676.234234
5683.169205
5685.110682
5721.515794
5721.941928
5729.926709
5732.278929
5743.565437
5765.896339
5777.970232
5787.038359
5789.332810
5821.460965
5834.505332
5861.607296
5865.439052
5878.020317
5895.748178
5933.679034
5941.651468
5944.960072
5946.632673
5950.781498
5987.075650
6001.078189
6005.792452
6018.209503
6044.025657
6066.946613
6076.627445
6100.424547
6103.723465
6117.218096
6121.861145
6135.834339
6156.477529
6182.667679
6212.065574
6212.142500
6223.080075
6231.696328
6238.002734
6241.883297
6255.762369
6268.390036
6270.341532
6299.263494
6306.952135
6311.751340
6313.047912
6346.728957
6360.289156
6369.266610
6407.201777
6412.032885
6422.486070
6439.829948
6454.313626
6462.628524
6464.239491
6469.819929
6478.822976
6487.687751
6490.577030
6498.199234
6521.212576
6522.892641
6529.813054
6561.734237
6570.486147
6581.235487
6586.302073
6586.922781
6620.202946
6628.256476
6631.780951
6631.895685
6639.357173
6654.128136
6661.766685
6692.629626
6697.093755
6698.187695
6730.098505
6739.286884
6747.448947
6762.170346
6773.062209
6774.197568
6778.876534
6787.983547
6797.408136
6801.856103
6819.571254
6821.622765
6840.868716
6855.794537
6855.951135
6869.543578
6897.392428
6903.446809
6930.496816
6950.380267
6953.452574
6991.544631
6996.732868
7004.959770
7006.033594
7006.902770
7014.859971
7052.698174
7057.279527
7064.276523
7065.859350
7082.531275
7100.045545
7101.536764
7105.178267
7112.291833
7131.242771
7158.426077
7174.666761
7181.146229
7213.068304
7217.124282
7247.962102
7257.062027
7259.868511
7269.107127
7275.543655
7279.727327
7295.165252
7302.273055
7311.571093
7329.446188
7338.516511
7378.066798
7383.868166
7385.196205
7401.455993
7405.623333
7420.894997
7424.306857
7438.368021
7448.845596
7451.589099
7477.524008
7493.225946
7506.326085
7515.998677
7550.555899
7554.332866
7555.382224
7560.531283
7602.301719
7606.600846
7613.701551
7633.975981
7651.166830
7657.609467
7660.783349
7661.990161
7664.518960
7672.583545
7717.546153
7719.426944
7748.686388
7773.232558
7774.620007
7787.550780
7796.698031
7823.472105
7824.558280
7827.299988
7829.388246
7829.767158
7832.684550
7872.471988
7876.577752
7890.234238
7899.991661
7914.247384
7923.856652
7935.533304
7939.193161
7945.215101
7946.466770
7976.206902
7983.404749
7999.041630
8010.798931
8032.044028
8035.126757
8045.635597
8051.002083
8058.886893
8106.118585
8106.362010
8110.399466
8113.505520
8130.356877
8148.025483
8151.570275
8152.277624
8157.001902
8173.108646
8179.853516
8185.528831
8190.008894
8199.764318
8207.964818
8228.695114
8232.804601
8254.785613
8272.760848
8273.460444
8282.963497
8301.619125
8305.785563
8340.438462
8356.125570
8382.033879
8396.111541
8405.161721
8417.042598
8428.193558
8433.564823
8435.533636
8447.773287
8450.987935
8452.981566
8471.818690
8508.875093
8509.972869
8533.184015
8543.511754
8577.308330
8577.932688
8585.966680
8594.207776
8603.289925
8608.954141
8611.434080
8644.323369
8647.105603
8655.167335
8678.474919
8684.471289
8708.184161
8715.817479
8744.279280
8744.481839
8761.895870
8766.751904
8773.232401
8781.409333
8800.362667
8814.028770
8814.956676
8823.368804
8826.467409
8828.679805
8843.657756
8877.138232
8884.491796
8885.160480
8931.988370
8932.742324
8943.686174
8954.618473
8957.891364
8967.010390
8986.623947
9009.151781
9020.267669
9022.910079
9033.735900
9043.541513
9055.227812
9056.631100
9059.881295
9080.604400
9098.713257
9099.965144
9102.776073
9127.045831
9143.012250
9161.382307
9182.187309
9184.437351
9198.783002
9230.221490
9237.571448
9243.227128
9243.488624
9260.003270
9265.765332
9266.583540
9289.881773
9290.427318
9297.510828
9307.984599
9321.111449
9330.154124
9344.087543
9366.466390
9388.138460
9390.522819
9425.602374
9431.638065
9445.913013
9448.686280
9471.696498
9493.441162
9494.348942
9498.078305
9503.377885
9553.819187
9554.270405
9554.958480
9560.173328
9579.416082
9603.117369
9609.412524
9609.916677
9615.642375
9620.457672
9629.131605
9670.817023
9686.279699
9704.843046
9705.049266
9709.920855
9721.319474
9726.703801
9742.225613
9751.012182
9764.113288
9773.354225
9774.378226
9776.268617
9820.202577
9821.404743
9822.724472
9823.041862
9836.277051
9845.938539
9853.888302
9857.941662
9864.249517
9886.498695
9889.384577
9896.458750
9906.768243
9908.451141
9914.900622
9916.701632
9922.170882
9951.479608
9965.060379
9971.984449
9974.227051
9975.016111
9997.985898
9998.277925
9999.663942
10023.490480
10042.089502
10045.442902
10058.728656
10062.705322
10074.275616
10094.928590
10097.191531
10114.406542
10150.134672
10164.656791
10165.388269
10172.854479
10175.372285
10183.565161
10195.350937
10208.535051
10219.011713
10221.732788
10242.197373
10276.177771
10283.458780
10294.395900
10310.413372
10331.239323
10331.427986
10353.550184
10356.336478
10366.451811
10367.085927
10392.070860
10392.894456
10423.397090
10430.419017
10430.670105
10446.415694
10485.005088
10489.612570
10491.191991
10507.653550
10524.152753
10524.540247
10525.180105
10548.863415
10568.668261
10571.745220
10592.605716
10607.596319
10609.578385
10617.610992
10624.039655
10654.969807
10659.644837
10666.291121
10674.457009
10684.938100
10689.188678
10693.082579
10702.484759
10721.356122
10745.153531
10747.169191
10757.537632
10791.547643
10792.058697
10800.187077
10823.140543
10835.330121
10845.717495
10856.040765
10901.884129
10916.795968
10922.433289
10962.790070
10968.252276
10983.119151
10994.369777
10997.659924
11010.428913
11035.075552
11042.325338
11057.448708
11074.417983
11090.998358
11097.035720
11116.109583
11118.242129
11134.205001
11147.336140
11157.478458
11164.196767
11178.453389
11203.380959
11208.724434
11215.720329
11238.659070
11238.937574
11258.918222
11261.474976
11266.671293
11283.277941
11283.563083
11287.044856
11293.630743
11300.490358
11306.284017
11316.594232
11322.879146
11326.122926
11328.943969
11361.385341
11380.181052
11387.638326
11393.753942
11405.297482
11407.590402
11428.149359
11433.898065
11436.558705
11451.725260
11452.007760
11453.845848
11474.977284
11480.075079
11494.121115
11514.461268
11515.420626
11533.491318
11552.360720
11555.859737
11558.383167
11562.495471
11592.090413
11609.530126
11613.666886
11614.964039
11625.740571
11632.462551
11637.269516
11655.529342
