44949
59893
89941
105202
119826
135130
179745
180105
224941
239802
270106
299684
315157
359644
360281
405525
419779
428978
450428
479836
495504
539798
540490
585529
599682
630469
659785
675322
719625
720240
765353
779693
810455
839716
855657
899709
900495
945286
959649
973057
990035
990216
1019921
1035225
1076559
1079912
1080277
1096286
1125316
1139843
1170234
1199832
1215472
1259717
1260355
1305326
1319346
1350285
1379360
1395199
1439371
1440145
1485152
1499290
1530052
1559117
1575119
1619107
1620290
1665226
1670326
1679297
1710104
1739494
1755035
1766800
1779083
1799369
1800102
1845115
1859355
1890040
1919629
1926205
1935136
1979796
1980050
2024972
2039862
2069992
2099773
2114940
2139827
2159838
2159874
2204838
2219833
2250001
2279834
2295002
2339930
2339939
2343107
2349155
2384829
2394278
2400005
2429894
2460013
2474849
2519725
2520103
2564666
2580080
2608345
2609756
2640049
2654785
2668125
2699608
2700024
2720926
2744657
2759951
2789701
2819804
2834594
2879789
2879859
2924895
2940008
2969919
2988881
3000059
3015123
3060115
3060144
3105175
3120140
3150128
3169951
3180073
3193764
3195071
3240094
3240266
3285225
3299892
3330136
3360054
3375063
3419910
3420150
3464804
3480121
3509670
3540138
3554787
3584911
3599713
3600237
3644560
3660423
3661445
3689462
3720548
3734394
3779546
3780321
3824468
3840439
3869433
3900544
3902833
3914385
3959356
3960558
4004485
4020556
4049547
4076244
4080684
4094516
4139609
4140623
4147547
4184648
4200593
4223532
4229049
4229644
4260678
4274718
4319665
4320645
4340699
4364617
4369273
4380534
4409719
4437598
4440660
4454755
4499811
4500634
4513795
4544682
4560757
4589719
4591361
4620736
4627967
4634629
4679616
4680834
4724608
4740875
4769485
4800843
4814527
4859571
4860488
4904271
4920409
4923501
4949297
4980264
4980920
4994258
5024067
5039223
5040381
5084209
5100287
5129244
5160309
5174241
5219425
5220051
5264504
5280054
5309559
5339841
5354566
5399606
5399812
5444546
5459608
5478788
5489387
5519676
5525125
5534403
5579362
5579635
5624382
5639520
5664877
5669409
5699516
5714372
5759378
5759595
5796101
5804352
5819645
5849240
5874527
5879580
5894225
5912436
5939172
5939633
5984217
5999591
6029382
6034680
6059640
6074180
6119153
6119589
6164181
6179617
6209200
6239599
6254204
6270808
6299201
6299458
6306002
6318033
6344223
6348387
6359454
6376001
6389155
6419420
6434101
6479014
6479359
6524005
6539310
6569019
6599361
6612714
6614032
6647576
6658985
6659433
6704158
6719492
6749212
6779677
6794286
6819580
6839261
6839747
6874038
6884224
6899637
6921598
6929149
6959712
6974069
7019141
7019743
7054391
7064190
7079800
7086157
7109141
7139810
7154110
7199065
7199962
7244125
7259914
7289080
7319844
7334195
7336618
7379083
7379858
7424183
7439669
7469178
7475780
7499503
7514189
7526675
7559338
7559683
7604270
7619776
7649043
7679672
7694048
7739070
7739660
7784004
7799706
7829144
7859735
7874237
7919197
7919756
7924514
7964273
7976651
7978107
7979645
8009359
8039731
8054296
8061221
8099099
8099755
8114722
8142295
8144250
8159718
8189152
8219740
8234074
8279063
8279624
8324038
8339727
8368792
8399922
8413763
8453225
8458719
8459994
8489845
8503764
8520158
8520705
8548704
8580166
8590187
8593672
8595472
8638605
8639943
8668004
8683781
8698588
8700003
8728871
8760261
8768286
8773999
8818922
8820335
8828343
8864134
8880380
8909006
8940274
8953942
8999094
9000244
9014251
9044085
9060194
9089149
9120105
9134304
9179231
9179983
9224113
9239966
9247412
9269142
9299912
9314083
9330486
9359139
9360017
9401202
9404046
9419978
9448989
9479851
9494047
9539066
9539816
9584116
9599867
9628966
9659786
9673989
9719028
9719487
9763936
9779476
9809063
9839215
9854100
9866007
9899035
9899158
9944071
9959293
9989088
10019340
10033979
10059528
10078969
10079215
10124218
10139260
10169338
10199154
10214515
10259135
10259493
10304518
10319229
10349564
10379194
10394615
10439195
10439591
10468444
10484581
10499215
10505864
10529458
10536707
10559088
10574338
10619037
10619344
10658347
10664332
10678953
10709330
10738981
10754322
10798891
10799337
10824535
10831187
10844553
10858756
10889577
10910514
10918914
10934458
10978883
10979590
11012417
11024535
11038900
11069468
11079351
11098825
11114442
11137293
11158803
11159337
11165090
11204237
11218761
11249104
11278714
11294261
11338966
11339318
11384457
11398866
11429702
11458759
11474671
11497136
11513200
11518885
11519829
11564893
11578841
11610009
11638758
11654993
11698560
11700097
11745208
11758617
11761255
11790091
11818643
11835072
11878585
11880065
11925097
11938521
11970113
11998571
12015195
12058569
12060229
12104951
12116950
12118361
12149827
12178538
12194838
12238529
12239885
12284838
12298379
12329787
12358380
12374841
12418381
12419911
12465020
12478398
12509872
12538460
12554825
12598251
12599757
12621471
12637957
12644925
12658327
12690060
12718317
12735005
12778158
12780070
12825344
12838140
12870396
12898092
12915372
12917955
12949585
12958087
12960298
13005359
13018023
13050265
13078173
13087887
13095247
13138256
13140309
13185187
13198270
13230197
13258132
13275167
13317895
13320272
13365298
13377825
13410506
13437698
13455545
13497663
13500542
13511883
13541784
13545599
13557747
13590634
13617679
13635562
13677651
13680443
13725251
13737770
13770238
13797890
13815475
13815524
13857892
13860457
13905447
13917885
13950515
13977774
13995400
14037798
14040299
14084273
14085365
14097828
14130569
14157738
14175571
14217779
14220515
14265570
14277774
14310504
14337728
14355503
14397909
14400526
14402908
14410570
14445469
14457784
14490591
14517808
14535701
14577694
14580848
14625853
14637674
14670793
14697742
14715882
14757818
14760994
14805991
14817790
14847596
14850959
14877977
14895917
14899683
14938025
14940858
14985838
14998008
15030959
15057987
15075948
15097585
15118165
15121022
15165909
15178167
15210849
15238056
15255715
15267986
15298042
15300780
15345789
15358001
15390957
15418068
15436001
15478067
15481018
15526010
15538063
15571069
15598203
15610061
15616287
15627186
15658212
15661304
15706308
15718187
15751313
15778156
15796271
15831784
15838164
15841188
15886284
15898076
15931217
15938502
15957955
15976143
16002819
16017925
16021008
16057989
16066088
16077939
16111069
16137858
16152669
16156082
16197696
16201099
16211921
16246026
16251584
16257466
16291087
16317491
16336169
16377437
16381144
16426222
16432559
16437556
16471163
16497475
16516192
16557481
16561286
16606203
16617376
16651233
16676970
16696158
16700513
16736909
16741237
16785951
16796785
16830853
16856793
16875726
16916804
16920903
16966071
16976830
17011068
17036790
17056128
17096729
17101267
17146318
17156813
17191390
17216783
17236277
17276992
17281433
17326343
17337045
17371360
17376182
17397164
17416562
17457321
17461344
17506326
17517286
17551265
17577313
17594787
17596381
17637293
17641328
17666351
17686537
17697156
17731483
17757279
17776482
17817224
17821550
17866532
17877160
17892529
17911485
17937127
17956512
17997304
18001596
18014942
18046699
18057296
18091748
18117403
18136800
18177317
18181736
18204795
18226685
18237253
18271669
18297432
18316740
18357574
18361765
18406660
18417457
18451743
18477674
18496736
18537687
18541617
18586695
18597501
18631556
18657382
18676401
18717414
18721488
18766453
18777335
18811108
18811344
18837396
18856025
18869472
18897289
18900957
18945908
18957365
18959188
18991009
19017235
19036002
19077159
19081022
19125980
19137090
19165282
19171145
19171607
19197163
19213943
19216042
19230927
19257289
19261120
19306132
19317159
19351221
19377015
19396290
19436807
19441303
19486217
19496818
19531137
19556829
19576283
19616954
19621277
19659037
19666219
19676916
19711043
19732110
19736842
19743617
19756011
19796829
19800916
19819942
19846010
19856921
19891199
19916986
19936168
19976905
19981240
19994602
20026332
20036984
20071320
20096958
20116402
20144653
20157110
20161270
20173239
20206222
20206580
20217294
20236117
20251204
20277358
20296101
20311789
20337414
20341072
20386218
20397329
20431350
20457277
20476388
20517055
20521503
20566485
20577125
20611721
20637168
20656576
20697146
20701416
20746511
20757141
20790588
20791615
20814168
20817215
20836568
20877146
20881650
20926635
20937009
20971739
20997135
21016870
21027885
21056905
21061838
21106770
21116833
21151570
21158810
21176805
21196729
21236837
21241831
21259674
21262493
21286847
21296698
21331574
21356680
21376452
21416711
21421595
21466678
21476720
21480760
21511546
21536681
21556437
21596647
21601496
21618535
21642548
21646677
21656658
21691705
21716798
21736593
21776919
21781606
21826608
