14.705684
27.185608
37.687798
41.402034
50.864536
56.424072
62.880715
91.340281
108.124951
109.471087
123.253750
137.185505
159.734371
163.637183
191.265723
204.635599
222.467534
227.390640
239.789738
245.196417
295.439159
297.632262
298.050195
300.139216
346.807492
372.126244
382.694982
385.888782
398.439185
400.296981
422.230577
424.665599
445.450733
446.285570
455.621148
460.423013
463.791622
472.538933
480.467863
499.529770
502.422724
536.298133
555.733482
562.467528
573.866819
583.673197
604.687435
616.405224
622.067760
624.648490
639.967799
658.196253
685.173103
704.707087
709.869751
733.110468
738.554320
748.003226
778.804761
785.312517
810.440378
843.007231
848.073917
860.656441
875.799911
913.212359
919.677530
922.220647
926.221345
935.619724
950.979914
964.224817
971.820954
976.813389
999.539621
1011.984060
1016.827213
1030.603355
1055.584501
1085.362690
1109.778553
1111.000750
1123.557720
1159.513377
1170.714029
1173.035728
1209.141655
1218.998753
1222.334363
1244.028374
1271.573364
1294.685013
1301.258177
1314.817349
1323.744461
1350.653006
1387.862328
1407.849517
1413.376758
1425.908169
1440.367476
1466.368472
1477.172894
1480.914949
1486.071939
1499.751669
1523.597230
1536.079090
1552.719114
1553.404762
1578.653145
1595.495332
1621.772704
1641.687243
1643.074514
1677.217093
1691.160684
1718.103129
1725.113509
1725.853614
1738.118004
1744.301440
1781.718347
1788.415945
1802.449964
1833.131117
1837.259899
1861.126061
1864.066648
1875.144004
1896.066373
1901.398919
1911.692227
1922.196171
1954.348781
1959.180670
1974.221614
2005.338041
2024.891509
2036.536830
2058.501033
2060.080228
2070.457427
2105.038931
2108.395606
2110.942554
2123.641227
2161.321502
2162.628236
2195.709885
2215.117163
2241.993950
2256.160186
2276.288906
2291.598708
2305.292221
2320.748758
2335.893867
2348.715405
2366.462431
2373.496721
2389.263843
2391.651535
2425.974089
2426.649415
2427.500157
2440.564885
2451.785954
2453.658024
2470.114505
2472.463453
2474.763784
2493.546912
2510.894981
2523.146454
2529.820334
2551.952865
2555.453611
2575.000927
2577.173587
2583.447120
2607.182351
2607.412115
2619.924560
2651.075145
2654.727841
2676.513030
2712.803046
2726.966025
2761.041527
2782.288219
2791.105051
2794.907003
2807.320948
2807.902230
2811.515351
2831.306295
2836.724243
2842.620055
2871.190549
2885.553041
2899.128355
2914.143257
2955.804579
2966.595591
2977.409988
2991.013606
3025.820963
3027.035052
3043.832065
3083.511152
3099.207893
3116.054361
3126.181354
3148.697933
3163.394188
3176.540806
3181.812398
3194.611718
3196.361951
3202.892275
3210.554970
3249.583468
3266.282088
3268.075530
3269.078456
3271.928556
3282.793714
3297.221856
3297.246741
3306.896775
3328.544447
3331.551105
3345.167084
3356.578609
3357.732866
3364.603220
3375.128080
3391.615714
3413.958215
3422.375601
3426.437662
3439.855562
3447.025968
3478.623752
3487.755376
3523.813074
3530.285708
3536.826543
3555.881990
3557.219616
3572.400314
3628.944282
3635.080221
3637.538074
3660.382879
3697.038823
3707.380666
3720.862764
3721.275593
3746.573346
3757.275303
3761.588334
3775.969292
3782.025191
3783.274882
3799.014656
3815.092205
3825.879464
3844.719663
3853.072664
3879.587400
3895.341188
3900.678077
3909.461234
3921.937754
3944.171079
3944.784697
3988.395675
4002.163281
4006.515740
4017.031018
4050.966492
4081.945796
4094.078702
4099.386732
4106.037355
4128.333935
4182.538096
4191.414042
4215.768173
4220.295369
4250.169777
4258.641795
4259.935615
4272.055622
4292.764975
4304.159242
4305.290004
4309.964783
4311.630167
4344.437898
4360.515584
4379.610310
4394.518271
4405.847541
4437.756568
4448.333902
4463.893325
4470.135793
4475.030224
4481.389677
4534.600085
4553.332565
4554.348686
4565.101948
4610.479653
4611.135398
4623.968772
4638.612646
4644.156172
4659.837131
4667.329042
4682.879459
4697.206371
4699.945601
4714.924825
4716.660434
4721.539332
4741.506782
4776.071384
4778.310662
4791.152068
4792.951478
4793.962712
4804.724971
4836.575053
4846.824913
4850.571252
4851.618413
4851.763099
4864.953361
4867.258264
4890.003326
4908.025356
4920.694019
4933.234904
4958.542478
4965.604577
4978.289881
5000.424142
5013.015762
5033.623233
5039.176840
5054.587348
5067.721564
5090.727715
5117.529880
5144.982447
5150.157728
5154.136431
5159.872241
5188.656829
5188.808098
5195.759927
5200.641821
5244.311125
5253.063691
5256.039618
5306.160284
5317.249004
5321.389611
5322.076739
5332.716820
5341.256987
5344.559786
5346.213979
5352.841845
5383.118055
5395.387774
5406.199000
5440.891827
5448.935687
5449.917520
5478.617129
5512.717627
5519.428589
5527.804181
5530.535416
5562.106545
5570.149788
5574.810242
5596.418685
5616.330500
5630.995327
5634.754782
5673.263547
5674.894806
5692.526296
5706.452953
5726.791639
5728.832908
5744.143885
5792.664984
5796.265531
5803.791777
5840.243876
5853.283176
5861.027532
5866.977637
5882.608936
5886.804827
5899.177594
5901.172996
5933.353646
5949.922446
5958.639410
5978.959401
5985.768245
5988.152889
6020.085735
6025.010095
6042.840303
6050.729039
6065.369228
6067.385949
6078.724425
6101.378737
6103.547331
6112.707579
6140.945217
6143.102719
6143.223632
6168.599154
6193.528391
6194.261113
6247.238126
6253.313122
6261.290296
6261.972102
6275.690280
6296.023298
6322.182518
6344.396098
6353.228147
6387.291312
6397.333888
6432.741298
6442.323540
6446.370572
6482.178651
6483.170223
6508.891776
6542.167653
6544.876284
6556.764425
6577.411126
6591.134977
6593.882573
6602.932211
6615.192745
6624.731623
6633.944414
6637.511255
6645.887127
6646.608405
6670.905512
6702.888009
6708.410546
6715.068650
6726.125455
6781.309003
6800.896715
6801.952043
6814.235532
6849.928190
6862.901026
6902.249307
6907.622553
6951.849416
6978.302161
6987.863846
6995.866375
7000.552736
7012.937611
7022.943590
7034.156414
7041.115467
7057.144210
7062.234241
7089.928891
7105.452819
7110.700451
7117.581388
7168.434977
7173.903689
7174.672061
7182.279843
7188.180516
7189.783538
7199.672523
7219.372596
7231.578671
7246.026227
7277.187573
7277.820572
7327.888792
7329.939395
7357.670385
7369.847122
7382.993906
7392.081583
7404.037836
7418.656107
7445.527778
7458.101845
7481.820464
7485.799840
7496.126564
7504.860206
7526.504091
7534.012551
7544.435986
7547.898974
7580.145564
7583.814137
7599.956953
7603.521797
7612.568332
7641.949909
7642.233312
7671.368606
7691.254851
7712.181992
7723.348405
7736.377717
7759.159834
7771.472390
7779.938344
7790.565250
7806.626564
7829.969047
7863.381090
7879.912400
7887.464179
7906.091499
7912.713988
7925.048114
7940.252793
7958.563451
7958.713662
7977.092427
7983.412801
7984.208506
8014.946667
8023.615624
8036.486006
8078.676054
8091.570573
8097.557923
8105.612843
8140.833600
8149.071396
8156.514095
8167.699996
8197.155017
8209.861263
8236.393182
8246.396317
8274.956774
8287.662201
8322.105613
8334.130706
8339.725620
8358.684612
8377.384561
8392.493857
8417.375357
8435.674204
8453.980575
8460.808793
8466.857156
8470.984719
8487.217843
8498.276238
8499.702836
8501.809323
8548.067900
8552.332188
8558.808745
8609.045909
8619.161443
8622.354269
8638.156241
8650.730367
8654.574576
8686.380896
8698.998170
8708.461478
8742.638388
8787.431009
8809.291922
8813.276573
8819.227383
8831.476203
8848.959384
8865.839308
8894.216853
8922.290490
8926.923094
8949.576754
8955.399706
8965.091056
8965.835720
9002.865324
9007.315627
9012.836048
9015.831217
9022.556929
9040.829181
9045.685816
9049.856109
9083.250773
9095.943627
9105.036636
9125.941608
9141.058217
9162.170628
9162.627272
9181.304333
9185.240777
9193.945144
9228.036327
9251.505850
9276.806731
9285.045078
9292.286212
9303.075796
9310.599694
9313.104663
9340.663533
9352.429899
9359.193707
9363.293044
9375.345769
9409.370080
9415.399610
9418.102459
9455.563264
9463.306896
9463.571089
9478.969995
9508.129944
9539.955179
9551.856961
9552.571737
9575.384762
9585.689069
9603.571389
9632.870983
9642.821584
9658.794577
9684.681021
9722.689661
9724.139053
9738.127496
9749.238877
9758.445673
9773.204761
9785.108393
9829.599187
9830.027182
9859.693136
9874.068148
9883.466731
9909.128478
9911.731980
9912.911546
9921.685891
9947.530093
9953.219009
9956.931222
9965.860384
9969.338584
9983.150965
10015.526398
10019.442664
10036.253055
10046.773263
10095.730817
10101.713387
10107.239873
10120.400744
10142.019186
10144.335486
10191.510642
10199.490778
10217.028045
10219.757144
10252.409624
10258.536883
10268.661228
10271.311528
10277.455675
10289.336330
10297.270794
10322.879186
10333.596414
10335.451022
10350.734155
10373.674429
10377.574997
10412.056217
10414.556625
10425.596322
10435.744031
10455.173261
10467.894902
10482.257377
10494.779915
10494.896825
10501.057919
10502.268556
10558.696701
10562.845223
10576.431207
10578.861612
10636.433734
10647.693351
10653.321259
10677.731650
10680.186339
10681.296457
10710.362944
10736.934096
10753.223519
10758.543589
10797.268247
10804.309082
10814.249064
10827.436664
10836.008368
10862.734041
10863.744053
10890.596212
10921.282895
10932.920301
10939.880279
10960.631387
11002.310666
11012.232399
11017.381196
11020.626773
11047.662066
11055.192409
11091.412294
11101.673877
11114.972858
11127.042760
11150.686323
11160.571431
11197.008860
11201.671679
11209.894822
11244.128555
11246.092415
11250.823426
11269.901910
11299.714734
11307.616442
11308.337957
11341.101851
11362.290642
11372.535803
11375.781359
11387.953222
11422.581475
11431.846814
11445.984147
11453.054589
11478.844635
11494.648444
11513.161152
11516.806693
11527.795296
11535.215081
11553.297438
11556.395784
11569.318724
11587.354871
11604.719257
11604.927310
11618.965853
11630.165167
11638.878488
11661.249992
11682.697787
11738.982810
11740.037874
11744.105995
11753.817621
11776.739354
11789.055821
11814.444725
11832.370956
11845.747327
11867.098895
11893.907633
11902.991293
11924.497436
11937.948537
11973.078340
11981.331959
11989.357738
12007.637614
12026.311856
12029.527494
12042.740082
12087.018321
12090.142875
12107.105712
12120.181031
12142.012256
12156.332856
12160.473967
12187.079257
12200.441956
12205.346438
12206.789282
12213.862532
12231.712395
12247.039666
12277.231587
12292.453882
12301.877811
12302.986225
12304.483145
12318.611884
12338.585984
12358.378279
12374.478273
12395.504991
12443.372655
12448.889829
12450.143416
12462.519320
12475.214317
12478.055325
12484.502901
12488.145526
12495.468436
12514.852818
12523.807074
12560.311731
12564.782168
12580.398762
12616.488712
12643.504005
12658.613613
12673.059752
12675.546220
12680.597353
12683.291833
12708.493270
12721.652190
12753.325980
12765.892585
12774.851090
12778.357891
12835.673098
12842.696268
12845.485277
12858.397093
12863.197979
12893.547815
12912.591658
12923.021539
12926.599368
12928.305993
12950.946844
12955.478220
12986.737094
12990.817996
13016.474054
13026.043567
13030.537269
13034.240937
13043.971485
13079.272820
13086.627595
13137.560189
13141.668109
13148.568289
13157.872659
13180.572646
13190.367595
13194.100604
13212.596108
13218.020638
13219.028040
13230.693045
13234.989048
13266.742058
13299.692909
13305.616619
13325.238001
13383.781620
13388.484866
13392.152441
13406.218773
13415.057293
13418.023558
13449.432873
13453.105294
13493.664333
13496.011870
13508.911008
13539.918216
13546.331767
13556.323815
13585.339494
13598.466885
13608.746094
13616.426077
13617.863644
13633.028118
13654.523142
13679.460554
13689.068353
13708.933810
13719.358081
13757.502189
13760.285120
13768.370055
13778.859884
13782.578023
13783.469267
13791.999790
13818.324692
13849.927590
13865.531344
13874.214994
13876.463926
13910.254278
13945.224119
13955.301985
13955.667075
13957.123180
13966.734693
13970.433562
13980.303764
13984.770843
14006.348342
14007.247140
14009.139523
14017.891994
14039.463717
14063.453560
14065.897589
14072.639651
14085.456001
14109.222044
14123.793350
14142.468609
14143.656897
14155.010609
14175.680560
14178.571639
14178.582218
14188.148926
14197.659865
14223.586258
14242.653835
14248.048678
14248.505153
14312.624160
14318.284309
14331.499786
14332.968437
14338.416784
14367.108539
14372.307158
14416.927796
14424.394192
14431.801894
14470.851712
14504.521500
14507.009841
14516.871406
14534.689569
14546.824541
14549.741923
14556.329401
14563.421935
14585.102200
14602.075302
14607.333327
14612.099228
14639.463618
14673.867450
