29.529193
34.127100
40.424793
59.904944
82.347471
91.748241
104.289494
123.197805
154.752981
177.919738
186.778541
215.887052
218.658512
249.557469
250.950029
252.967715
283.651275
292.371878
317.232103
330.046668
335.021376
350.261975
368.318224
383.587251
406.812404
420.339239
444.787879
450.722661
484.338690
505.415811
518.998885
521.897930
548.112178
553.894145
560.962154
588.688927
590.467353
599.648499
623.125220
657.984743
677.846129
693.028481
716.154061
717.890480
728.067353
756.301413
759.727788
795.420241
797.670805
800.839190
833.354432
833.731302
842.580883
872.968365
884.166542
902.196202
911.147023
935.712784
949.259306
966.614017
970.009030
986.729369
1007.451153
1023.436923
1039.257200
1046.877176
1060.948462
1072.954157
1086.577310
1097.673022
1107.726884
1126.660917
1134.157131
1165.154699
1168.903693
1176.973490
1204.372420
1210.336023
1242.879785
1243.988467
1276.851746
1281.647380
1308.580646
1342.999119
1356.929720
1375.968353
1376.790859
1393.988894
1409.962166
1431.045845
1440.232194
1442.541470
1466.952091
1472.366313
1475.324375
1503.406135
1504.093976
1507.715931
1535.896124
1540.569987
1566.341658
1571.188891
1577.620723
1596.610303
1602.996285
1614.858434
1627.000525
1635.167406
1652.839606
1657.305711
1666.239841
1690.511824
1728.344362
1728.885699
1745.697699
1759.799613
1767.087068
1774.495735
1790.798481
1802.946751
1853.433460
1858.950717
1885.866507
1912.283118
1915.067738
1922.493057
1939.341959
1946.082668
1961.886676
1966.594765
1993.612488
2002.413227
2011.396293
2046.140020
2072.103232
2076.047733
2083.971030
2097.086671
2108.821573
2123.590260
2124.895449
2149.444897
2167.340133
2174.218412
2174.901416
2208.825710
2223.866532
2242.455649
2248.796090
2273.658121
2277.109141
2293.547373
2298.476608
2312.514738
2323.986234
2336.822679
2349.476899
2374.099942
2379.540749
2382.977403
2398.968845
2418.247853
2424.254294
2449.617613
2453.701733
2465.721643
2490.163610
2508.814482
2527.035643
2551.582289
2552.144209
2565.222387
2577.054018
2594.899034
2602.906223
2604.204673
2629.772640
2637.484170
2640.303140
2656.521858
2679.436693
2683.582004
2710.256981
2715.870355
2722.325202
2737.630751
2753.772896
2765.612522
2765.955801
2792.701333
2807.466500
2820.601328
2831.758137
2848.510168
2848.872179
2870.441046
2876.882599
2890.181310
2906.045458
2909.116821
2930.652028
2935.539794
2965.758336
2971.590756
2987.951213
2995.356433
3011.715538
3026.183080
3055.243384
3065.542133
3084.543964
3090.817138
3115.005161
3130.429462
3143.069411
3168.885107
3177.476781
3181.136318
3207.135356
3208.839609
3244.776753
3257.977361
3274.458576
3283.000631
3295.293353
3306.068394
3332.410052
3338.975418
3358.936789
3369.962566
3371.628923
3404.982299
3407.357931
3433.488644
3438.031387
3443.275304
3470.368081
3471.982332
3479.422053
3506.456894
3506.529750
3515.238912
3540.671197
3550.292031
3575.488571
3584.935817
3619.618739
3620.550765
3680.744967
3688.891724
3694.998979
3722.043171
3733.399154
3750.228480
3756.247693
3770.581509
3820.025839
3822.156344
3846.350609
3855.205461
3885.491604
3887.120343
3889.428122
3918.140061
3923.346519
3924.505375
3950.173357
3982.041653
3994.305351
4013.289576
4042.764006
4044.454357
4063.896414
4074.791390
4097.846689
4105.757043
4136.942941
4167.095013
4167.770784
4198.903672
4206.826303
4230.323957
4249.055468
4291.924827
4293.798164
4333.987075
4334.394669
4357.043109
4377.179938
4389.085791
4419.458305
4421.114447
4431.690801
4453.827609
4462.276927
4463.475198
4488.150102
4506.053771
4525.398550
4555.740530
4589.906684
4592.221662
4616.557512
4624.922753
4635.279999
4646.738851
4659.676674
4677.434279
4694.961288
4706.290481
4720.294925
4730.984550
4734.740823
4762.623946
4763.083988
4791.696767
4803.961693
4805.060604
4819.913578
4840.778287
4876.781408
4904.988372
4930.125303
4970.963087
4990.782888
5011.450666
5028.697922
5050.955636
5061.925082
5067.535218
5087.529953
5089.690104
5106.041835
5113.215423
5129.560713
5138.871733
5144.905805
5164.071697
5169.234255
5183.702425
5189.485026
5207.892417
5214.761028
5221.722174
5238.946190
5246.124864
5260.785204
5263.626764
5288.498924
5300.504154
5314.055820
5320.709697
5339.166548
5339.343694
5364.545190
5377.766731
5390.247342
5396.297053
5414.256077
5439.850025
5455.384430
5464.778538
5469.841587
5490.298064
5494.619705
5506.706328
5533.417384
5540.226302
5543.578124
5566.368132
5571.642276
5609.743189
5645.535150
5647.130244
5656.101145
5672.860662
5693.703964
5700.760477
5722.505733
5727.574072
5730.677025
5759.398285
5782.676210
5795.839337
5806.298294
5810.997342
5832.230339
5846.022365
5867.974051
5868.137735
5885.788443
5897.824445
5903.723853
5925.120399
5927.193211
5957.111622
5964.177040
5973.776674
5987.584011
6004.296594
6006.231179
6039.960101
6044.840415
6047.830378
6073.209714
6079.598281
6085.630876
6110.511173
6126.440989
6139.049614
6142.962192
6167.439229
6171.390809
6174.026568
6203.898356
6207.191407
6236.185163
6239.235727
6268.425929
6272.020547
6292.195517
6300.454241
6303.942224
6331.802444
6334.049492
6337.652430
6362.369551
6371.655484
6377.090552
6405.371460
6420.486162
6425.075045
6438.440514
6456.180958
6463.652580
6472.904951
6487.130225
6506.888122
6507.565607
6519.186148
6541.839683
6549.567986
6575.918751
6592.995757
6610.551175
6612.693949
6636.346849
6643.863207
6644.606116
6675.028506
6679.707764
6706.879416
6713.713749
6721.099971
6769.968859
6784.668169
6801.970349
6804.566460
6820.666880
6834.684424
6846.022294
6855.974708
6868.490321
6887.768071
6890.119699
6925.749713
6936.574926
6960.605445
6970.689623
7005.212288
7010.094053
7030.215871
7050.234887
7077.151262
7089.892558
7098.569801
7113.324987
7127.833747
7132.626521
7149.815488
7166.361170
7167.102134
7185.180401
7223.595414
7234.297857
7245.255934
7260.359383
7267.088607
7283.524789
7297.928619
7335.807356
7357.954920
7365.677204
7374.134616
7394.697283
7412.715582
7431.637035
7451.279879
7463.610012
7468.353014
7490.259120
7504.848366
7526.908245
7528.566025
7567.265536
7579.362260
7588.212916
7605.169949
7616.578559
7618.116947
7645.169219
7648.290435
7654.150998
7685.462024
7691.916763
7724.314177
7728.892510
7737.483718
7763.183596
7766.131100
7766.945600
7794.768089
7801.611102
7805.365677
7823.235261
7843.509229
7850.623978
7877.929272
7878.385753
7881.612667
7916.928179
7921.094616
7932.754474
7954.676718
7959.141682
7960.897557
7985.405995
7993.206416
8001.157210
8011.592079
8030.151325
8038.101736
8041.602491
8063.143882
8067.313704
8082.691751
8103.278743
8115.596025
8123.773938
8140.902250
8165.055991
8166.463955
8174.738367
8191.821886
8206.620316
8210.123705
8240.722467
8244.443947
8248.534133
8266.189130
8279.231860
8291.192393
8291.579323
8314.383330
8315.665104
8334.173366
8340.274483
8347.813051
8365.553416
8375.995437
8381.263862
8414.415471
8418.856620
8440.697452
8446.716107
8461.901800
8479.004447
8504.449655
8511.603919
8517.670974
8543.342219
8543.516143
8575.762694
8590.903962
8607.431806
8634.498742
8648.620600
8670.487321
8676.205390
8677.347662
8719.729963
8730.199975
8733.525367
8757.891561
8761.482380
8763.979332
8785.755815
8795.932436
8826.776684
8841.950549
8845.508327
8857.801396
8870.672037
8898.751745
8920.391884
8927.548663
8928.988403
8952.199636
8957.699008
8970.259115
8983.666406
8988.401683
9010.895824
9016.496567
9017.975181
9048.513981
9049.412468
9080.250765
9082.293079
9090.952215
9110.988435
9130.980896
9142.385100
9147.183552
9169.552942
9174.302756
9208.722767
9213.919571
9238.927958
9246.630537
9247.538973
9271.630251
9282.393907
9284.693929
9303.578317
9316.701135
9321.778413
9336.531279
9351.559671
9358.907755
9368.979921
9386.597581
9396.329792
9402.738907
9421.296860
9433.528735
9436.543432
9456.774057
9470.105518
9494.023875
9503.408358
9530.247311
9537.060497
9544.335705
9566.555648
9571.821489
9581.310108
9618.292600
9641.236739
9642.007454
9656.029088
9675.304888
9680.440772
9694.169128
9709.543530
9718.794965
9731.303826
9744.132427
9758.298453
9769.191941
9796.790079
9806.629950
9814.533307
9845.982701
9849.284665
9874.344992
9884.110204
9885.030345
9919.102066
9924.358285
9951.784260
9954.602248
9964.726130
9989.883222
9990.236700
10004.234375
10024.256339
10029.910592
10044.158394
10059.075351
10085.337316
10092.970435
10108.174834
10125.301617
10127.790380
10161.596474
10166.872004
10185.071370
10195.236476
10208.520498
10223.721888
10251.147840
10262.887458
10293.066823
10296.241350
10299.327564
10334.603573
10336.180502
10378.681013
10392.468386
10409.920063
10421.770878
10424.855750
10446.345113
10456.727813
10464.982625
10481.996760
10487.979154
10508.241849
10517.401128
10519.318709
10550.649693
10551.518467
10581.926294
10588.155479
10594.923763
10611.956364
10621.601981
10656.744742
10680.618046
10690.065643
10702.215405
10723.245646
10724.134706
10758.472218
10760.359515
10765.046133
10788.988047
10791.698290
10807.658256
10817.488797
10823.283399
10845.294045
10849.768266
10855.404124
10887.126838
10891.072725
10918.772347
10950.306939
10954.403004
10972.994881
10981.397053
10982.674734
11008.206021
11013.177558
11013.382818
11034.699121
11044.588197
11053.239668
11075.594251
11092.836800
11132.095352
11136.829312
11138.645359
11164.939548
11190.248504
11199.195549
11215.537843
11230.473942
11240.933760
11247.136041
11261.321761
11265.751251
11290.437613
11292.972315
11323.444325
11341.109894
11356.866696
11359.874881
11366.110893
11396.825914
11416.844481
11442.798148
11455.118844
11468.776918
11470.137195
11488.626897
11507.298945
11522.639266
11544.226236
11547.136113
11555.697069
11573.514571
11581.812583
11589.924812
11599.784006
11619.579104
11623.585816
11627.236120
11652.650404
11656.771413
11680.057962
11693.467317
11693.768503
11706.800518
11729.208124
11731.741077
11733.819050
11765.729180
11770.268206
11788.146670
11802.614119
11808.429304
11816.206917
11840.029197
11844.540012
11847.367423
11876.991582
11885.358666
11902.991910
11915.102110
11924.689648
11933.007389
11952.508459
11964.426676
11990.730368
12003.844456
12023.224313
12029.738542
12044.267712
12067.370111
12085.457023
12116.380406
12145.562732
12168.697655
12179.540642
12184.605470
12209.698461
12211.991738
12223.624604
12244.537259
12251.916181
12263.065011
12276.854208
12292.958812
12302.677348
12308.952355
12335.509493
12342.033226
12342.338832
12378.022400
12381.356942
12419.077061
12444.540706
12462.894098
12478.497181
12496.182552
12505.042230
12534.089398
12546.086531
12547.769125
12571.825378
12580.804447
12590.541182
12609.378158
12633.063431
12647.504257
12648.893514
12675.538157
12685.301062
12717.524083
12722.064187
12752.104917
12758.674392
12761.213610
12787.598230
12794.875810
12803.504635
12830.480089
12845.202952
12857.617697
12866.717062
12886.914693
12892.469480
12902.285462
12926.853586
12927.175845
12936.279660
12962.199247
12968.456172
12970.990089
13005.335399
13031.616604
13038.391508
13048.351665
13065.763943
13071.164724
13088.645832
13100.187780
13103.985235
13128.483874
13134.567273
13169.351305
13169.729806
13202.050546
13203.535628
13204.898578
13233.846115
13236.997332
13269.727290
13281.495845
13296.426752
13302.705557
13319.788619
13327.446793
13335.891758
13358.077377
13358.541253
13368.665545
13390.064490
13395.507237
13401.288331
13421.128106
13432.277678
13433.979086
13452.006216
13469.214443
13482.136820
13497.690268
13505.807762
13513.153907
13529.282202
13544.731501
13560.330296
13579.600762
13591.101578
13608.151909
13621.751558
13651.994115
13652.264154
13671.279985
13681.412222
13690.620040
13703.926455
13711.601668
13728.460331
13736.860391
13740.808851
13766.659385
13769.624495
13769.809069
13802.396888
13805.773318
13836.304979
13844.105759
13870.218081
13904.036435
13909.632147
13921.665197
13937.233163
13963.073543
13973.916749
13988.764615
14008.220544
14015.148379
14041.091472
14042.017665
14044.490457
14066.645060
14079.909130
14083.386338
14092.775602
14115.893816
14118.474571
14124.443011
14143.859940
14166.451336
14168.385643
14190.270843
14194.028845
14208.671256
14219.148518
14227.263781
14243.976720
14250.264888
14265.539615
14268.064892
14292.797030
14293.051761
14303.706053
14318.287414
14335.035019
14340.849617
14368.862038
14376.916668
14393.613114
14419.457422
14419.572555
14444.231951
14456.581696
