55.529511
59.397613
77.570775
101.687939
111.543570
141.915053
148.640950
154.400870
200.309219
210.216146
254.080720
256.849410
259.380973
310.363997
312.001107
319.465238
343.361577
353.468914
372.725166
409.860795
419.973183
433.539913
466.246469
494.595043
500.951623
554.281558
567.537452
602.706070
630.305557
635.045869
652.458183
676.301028
678.564151
698.503645
711.794658
734.074047
767.597921
772.206667
774.413575
833.193781
850.552151
858.032667
888.190634
926.519878
949.452103
969.280912
982.276834
1008.888902
1031.655829
1036.465673
1037.768149
1093.171160
1127.886126
1153.892635
1170.700676
1188.692357
1214.546531
1215.228139
1257.372797
1276.693104
1291.924762
1324.052226
1324.505019
1325.708373
1359.719475
1370.768690
1426.538382
1459.345796
1480.722348
1492.899938
1534.492614
1535.520916
1541.172293
1577.702008
1587.668971
1610.832230
1633.400285
1647.999526
1676.627856
1686.732824
1709.133403
1733.612180
1763.692803
1768.813346
1792.688757
1810.197994
1823.242170
1851.745737
1857.435507
1858.122854
1900.871897
1904.650591
1910.896676
1934.450560
1935.215034
1993.398060
1997.717353
2003.046323
2052.888478
2059.128441
2107.405474
2115.765206
2129.179297
2151.882406
2168.899507
2181.617786
2215.071082
2248.943382
2251.502088
2275.331312
2316.516448
2327.940037
2335.533893
2351.483866
2359.659936
2383.120976
2402.569924
2427.872791
2446.300069
2480.365045
2505.379922
2528.202051
2550.642148
2566.404472
2579.206775
2609.302440
2627.618417
2635.314638
2678.681687
2681.926819
2685.689052
2713.598526
2728.775894
2756.469345
2762.092410
2789.659907
2843.684648
2850.906827
2857.504903
2900.738133
2902.558750
2912.380070
2961.563217
2967.940458
2973.810486
3001.650400
3038.072584
3057.266053
3124.989236
3136.257752
3154.875361
3166.968035
3191.023228
3221.744444
3265.035156
3285.911776
3306.868587
3340.705263
3383.539663
3395.408035
3418.059028
3457.266559
3485.030179
3503.603749
3527.379102
3540.990131
3550.400118
3593.965460
3611.804416
3616.684756
3658.963284
3661.908614
3691.928691
3704.889369
3720.027571
3760.332960
3768.254639
3781.564436
3791.549410
3794.804451
3814.518650
3842.051892
3850.699775
3883.928130
3896.706182
3949.814073
3961.505045
3972.059899
4018.170284
4060.390788
4084.960437
4090.332436
4107.118404
4140.964382
4149.370267
4167.933799
4209.190013
4227.360859
4231.636243
4293.352062
4307.120295
4330.870051
4336.250099
4378.604920
4379.054237
4381.789800
4404.660077
4434.888329
4479.991479
4480.863229
4490.653160
4502.872390
4526.878528
4533.279486
4535.906925
4549.441100
4576.631224
4596.457125
4632.811933
4651.009069
4676.239433
4705.552469
4732.533783
4752.726048
4759.976279
4776.125203
4799.855915
4809.827599
4835.837788
4876.418481
4902.485731
4910.988000
4912.603753
4959.407010
4963.056452
4999.999350
5017.445514
5064.031172
5067.280705
5076.166937
5134.049114
5135.418910
5176.840146
5212.015998
5213.657503
5235.006937
5243.129936
5258.001407
5275.205959
5285.216880
5316.259958
5322.405401
5351.929279
5370.335281
5419.367356
5425.590865
5463.461794
5480.915951
5528.004623
5530.388753
5587.119194
5604.020141
5654.515133
5685.110682
5721.941928
5732.278929
5743.565437
5765.896339
5777.970232
5787.038359
5789.332810
5834.505332
5865.439052
5878.020317
5895.748178
5941.651468
5944.960072
5950.781498
5987.075650
6001.078189
6005.792452
6044.025657
6066.946613
6076.627445
6100.424547
6121.861145
6156.477529
6182.667679
6212.065574
6212.142500
6238.002734
6255.762369
6270.341532
6299.263494
6313.047912
6346.728957
6360.289156
6369.266610
6407.201777
6412.032885
6422.486070
6454.313626
6462.628524
6487.687751
6498.199234
6521.212576
6522.892641
6529.813054
6570.486147
6581.235487
6586.302073
6620.202946
6631.780951
6639.357173
6654.128136
6692.629626
6697.093755
6698.187695
6730.098505
6774.197568
6797.408136
6801.856103
6840.868716
6855.794537
6855.951135
6897.392428
6903.446809
6930.496816
6950.380267
6996.732868
7006.033594
7064.276523
7065.859350
7082.531275
7105.178267
7131.242771
7158.426077
7174.666761
7181.146229
7213.068304
7217.124282
7259.868511
7269.107127
7279.727327
7295.165252
7302.273055
7329.446188
7338.516511
7378.066798
7383.868166
7401.455993
7405.623333
7438.368021
7448.845596
7477.524008
7493.225946
7550.555899
7555.382224
7602.301719
7613.701551
7657.609467
7661.990161
7672.583545
7717.546153
7719.426944
7748.686388
7773.232558
7774.620007
7824.558280
7829.388246
7829.767158
7872.471988
7890.234238
7899.991661
7939.193161
7945.215101
7976.206902
7999.041630
8035.126757
8045.635597
8106.118585
8106.362010
8110.399466
8152.277624
8173.108646
8185.528831
8199.764318
8207.964818
8254.785613
8272.760848
8282.963497
8305.785563
8340.438462
8356.125570
8382.033879
8396.111541
8405.161721
8417.042598
8428.193558
8450.987935
8471.818690
8508.875093
8509.972869
8533.184015
8543.511754
8585.966680
8594.207776
8608.954141
8611.434080
8644.323369
8655.167335
8678.474919
8684.471289
8708.184161
8715.817479
8744.481839
8761.895870
8766.751904
8800.362667
8823.368804
8826.467409
8843.657756
8884.491796
8885.160480
8931.988370
8932.742324
8943.686174
8967.010390
8986.623947
9022.910079
9033.735900
9043.541513
9056.631100
9099.965144
9102.776073
9143.012250
9161.382307
9184.437351
9198.783002
9243.227128
9265.765332
9266.583540
9290.427318
9321.111449
9344.087543
9366.466390
9388.138460
9390.522819
9425.602374
9431.638065
9445.913013
9448.686280
9471.696498
9494.348942
9498.078305
9554.270405
9620.457672
9629.131605
9686.279699
9705.049266
9742.225613
9764.113288
9774.378226
9776.268617
9820.202577
9836.277051
9845.938539
9853.888302
9896.458750
9922.170882
9951.479608
9965.060379
9997.985898
9998.277925
10042.089502
10074.275616
10097.191531
10114.406542
10150.134672
10165.388269
10172.854479
10175.372285
10195.350937
10219.011713
10221.732788
10242.197373
10283.458780
10294.395900
10310.413372
10331.427986
10367.085927
10392.070860
10423.397090
10430.670105
10446.415694
10489.612570
10491.191991
10548.863415
10592.605716
10607.596319
10624.039655
10659.644837
10666.291121
10684.938100
10689.188678
10702.484759
10745.153531
10747.169191
10757.537632
10823.140543
10835.330121
10856.040765
10901.884129
10916.795968
10922.433289
11057.448708
11074.417983
11090.998358
11118.242129
11134.205001
11147.336140
11157.478458
11178.453389
11203.380959
11215.720329
11238.659070
11238.937574
11258.918222
11261.474976
11283.563083
11300.490358
11306.284017
11361.385341
11393.753942
11407.590402
11428.149359
11436.558705
11451.725260
11453.845848
11474.977284
11480.075079
11514.461268
11515.420626
11533.491318
11555.859737
11558.383167
11609.530126
11613.666886
11637.269516
11656.775308
11717.633516
11736.021256
11736.233645
11759.574115
11778.720688
11782.194464
11803.150558
11833.894106
11857.945812
11881.115930
11914.906103
11928.258995
11932.703851
11988.884557
12009.178417
12024.612971
12032.529617
12049.994989
12091.720695
12104.935991
12148.113849
12150.636549
12151.437944
12208.837286
12212.193916
12214.696160
12232.291750
12248.883118
12255.624996
12266.522288
12314.724496
12321.601663
12337.869091
12360.411325
12377.549131
12424.388731
12442.409141
12465.552631
12483.589808
12485.620272
12488.488504
12510.935677
12527.742616
12532.550566
12533.962193
12557.413764
12582.855669
12593.110872
12604.298461
12627.169613
12639.603779
12715.134999
12744.688785
12746.588233
12759.229217
12801.135416
12801.493516
12844.881667
12844.925598
12855.364787
12868.546124
12910.420184
12912.565495
12944.640558
12968.179188
12968.768807
12971.467039
13003.047330
13026.674509
13044.547364
13057.983041
13074.273042
13149.013527
13179.791871
13196.469254
13215.705998
13249.474595
13251.837318
13278.130085
13284.371578
13313.212428
13351.048221
13353.572835
13360.631086
13384.497794
13407.887354
13428.847585
13440.076141
13452.371530
13469.076247
13483.448831
13517.072392
13528.349836
13550.899265
13560.399254
13571.841547
13610.119968
13616.295741
13619.341206
13650.402314
13666.603346
13685.538324
13709.111582
13717.519014
13759.552163
13785.975682
13788.947270
13793.709779
13843.805835
13849.652346
13868.072108
13892.348544
13898.980784
13928.189890
13948.720219
13982.820049
14004.248445
14061.035663
14063.307910
14105.733440
14108.261596
14148.298488
14162.956772
14203.944228
14215.481833
14223.488083
14246.671090
14275.658691
14277.856641
14302.597614
14334.096737
14337.074533
14357.204335
14380.172488
14426.537342
14433.279917
14456.497731
14515.592291
14535.575515
14560.091208
14590.882701
14596.567904
14627.654984
14643.847194
14650.266147
14673.319127
14694.714134
14696.758488
14704.794934
14729.303301
14755.547023
14798.639927
14814.293019
14845.698637
14850.814833
14893.600851
14900.640396
14912.731155
14936.001125
14961.327979
14987.976361
14992.186449
15021.850500
15035.561933
15063.985950
15069.368535
15082.289085
15112.640911
15143.565456
15145.450612
15197.609516
15204.040887
15211.876598
15227.326717
15244.102763
15254.089384
15291.018902
15303.070275
15320.870428
15363.325918
15402.033119
15430.123938
15448.278353
15477.771453
15486.879000
15509.747621
15520.906030
15536.782691
15570.908366
15577.451204
15613.399688
15617.393272
15636.423133
15659.608217
15664.556569
15677.862661
15726.230519
15741.988515
15753.955052
15765.024081
15787.104724
15810.094298
15840.470559
15841.425058
15843.601511
15899.185464
15902.143642
15922.658921
15943.622029
15956.230568
15977.399962
15999.352325
16011.280215
16021.207667
16066.940918
16073.225351
16097.793236
16127.921357
16134.064556
16156.409368
16167.935506
16188.724203
16232.381420
16245.300110
16255.602150
16278.368138
16296.250100
16312.720421
16355.943395
16357.210111
16391.067044
16413.617807
16447.905091
16465.886090
16473.157252
16514.283391
16520.542346
16532.489703
16548.845724
16567.080099
16583.617153
16591.220009
16613.671310
16639.965369
16650.456102
16668.460358
16696.694641
16723.413512
16726.759007
16739.861158
16770.595479
16773.133640
16804.079610
16807.815661
16827.612527
16851.483503
16879.157355
16893.591105
16903.232892
16961.247946
16979.577724
16988.228920
17029.840204
17048.782679
17056.119711
17085.673561
17114.347592
17129.196241
17137.842039
17170.293962
17171.882375
17216.349513
17227.897985
17255.457959
17262.582711
17278.906093
17297.592669
17331.684266
17333.643000
17364.342780
17381.811559
17407.048024
17420.570630
17429.722758
17436.663224
17477.053326
17488.863465
17491.414305
17544.840313
17546.428073
17548.097519
17600.381745
17601.761898
17623.826307
17643.331468
17683.089626
17705.698280
17709.398802
17711.266819
17728.324260
17754.416926
17764.300188
17821.925577
17899.105255
17902.970160
17941.132574
17961.693011
17967.159328
17984.613069
17988.122080
18033.798089
18060.743890
18075.772775
18091.061788
18118.688257
18119.528792
18146.719475
18178.410068
18192.703279
18194.927782
18238.155851
18253.631201
18276.135268
18349.444221
18363.270703
18382.958908
18395.000361
18424.431824
18470.934752
18526.248825
18530.310965
18541.056986
18587.537932
18589.424360
18608.261844
18642.561809
18648.554289
18650.773048
18703.633912
18706.260477
18707.947229
18773.311053
18783.367859
18806.495915
18819.514283
18829.296166
18866.524406
18882.550723
18885.779279
18912.968316
18952.444387
18958.548453
18967.509218
18980.922399
18985.864616
19004.035981
19027.404598
19029.295187
19076.654832
19084.634429
19103.494872
19118.468657
19137.803180
19161.627417
19179.191121
19199.193287
19230.278870
19245.835936
19265.117870
19292.166112
19322.257969
19330.260650
19353.103310
19365.319255
19405.633244
19414.450751
19431.658304
19469.562681
19473.809270
19481.511367
19505.367297
19525.191432
19541.746229
19563.998132
19571.905391
19608.799606
19623.625756
19632.703264
19664.007233
19688.372320
19700.710590
19719.773902
19781.829921
19852.069574
19858.580086
19881.630518
19884.853791
19928.713516
19941.438153
19954.596485
19985.285954
20000.712436
20002.517559
20028.310314
20049.395869
20059.970447
20084.532890
20119.129235
20127.258376
20164.983435
20178.027511
20193.580636
20212.280644
20253.536035
20273.161588
20275.963635
20315.573897
20333.996856
20350.968185
20382.560665
20387.785411
20416.189549
20426.928023
20442.850715
20450.378471
20472.816161
20483.859333
20495.646928
20497.164577
20517.770706
20543.376484
20585.413954
20605.012299
20641.338072
20646.380066
20660.499560
20669.878609
20675.650722
20717.874054
20721.721024
20746.020509
20760.624438
20803.425357
20804.688553
20827.078261
20830.945279
20870.143379
20877.462070
20885.388848
20903.118678
