11.888
33.272
83.264
112.67
144.38
213.58
216.6
299.94
313.1
394.36
414.9
499.93
515.5
614.86
715.46
744.38
814.91
883.26
914.75
1015.4
1033.3
1083.3
1114.3
1144.4
1214
1216.6
1299.9
1312.8
1394.4
1412.1
1499.9
1513
1611.6
1616.6
1711
1744.4
1811
1883.3
1891.9
1909.5
1941.9
2003
2009.7
2075.2
2107.7
2158.5
2207.9
2253
2308.4
2358.6
2407.1
2475.2
2506.6
2603
2607.2
2706.9
2741.9
2805
2891.9
2905.1
2941.9
3003
3005.4
3075.2
3105.4
3158.5
3205.8
3253
3306.3
3358.5
3407.6
3475.2
3506.5
3603
3705.5
3741.9
3805.2
3891.9
3904
3941.9
4003
4005.1
4075.2
4104.6
4158.5
4205.5
4253
4305.9
4358.5
4407.3
4475.2
4507.8
4603
4608.4
4707.8
4741.9
4807.2
4891.9
4908.8
4941.9
5003
5008.5
5075.2
5108.6
5158.5
5207
5253
5307.6
5358.5
5407.4
5475.2
5507.9
5603
5607.6
5706.5
5741.9
5808.2
5891.9
5908.4
5941.9
6003
6006.3
6075.2
6106.5
6158.5
6205.9
6253
6306
6358.5
6407.5
6475.2
6507
6518.7
6603
6618.1
6719.3
6741.9
6818.5
6891.9
6917.4
6941.9
7003
7016.5
7075.2
7116
7158.5
7215.4
7253
7315.6
7358.5
7415.4
7475.2
7516
7603
7615.1
7715.9
7741.9
7814.4
7891.9
7915.3
7941.9
8003
8015
8075.2
8115.2
8158.5
8213.2
8253
8312
8358.5
8413.2
8475.2
8515.2
8603
8614.9
8715.5
8741.9
8817.3
8891.9
8919
8941.8
9003
9017.2
9075.2
9116.1
9158.5
9215.7
9253
9317.1
9358.5
9415.7
9475.2
9515.4
9603
9616.7
9716.8
9741.9
9817.2
9891.8
9916.9
9941.8
