3.687039
29.454939
42.747518
55.529511
59.397613
65.880361
77.570775
101.687939
111.543570
118.391921
141.915053
148.640950
154.400870
200.309219
210.216146
211.393294
249.706346
254.080720
256.849410
259.380973
266.991951
310.363997
312.001107
319.465238
336.693706
343.361577
353.468914
372.725166
374.730175
386.982343
409.860795
419.973183
433.539913
440.976715
466.246469
479.105722
494.595043
500.951623
517.708709
541.125465
554.281558
567.537452
602.706070
630.305557
635.045869
650.520437
652.458183
666.458853
676.301028
678.564151
698.503645
702.045388
711.794658
729.144636
734.074047
747.506555
767.597921
772.206667
774.413575
775.293261
823.731087
833.193781
850.552151
855.515472
858.032667
888.190634
899.674309
914.311377
926.519878
935.842964
942.106628
949.452103
955.241434
969.280912
981.070495
982.276834
1008.888902
1021.718312
1031.655829
1036.465673
1037.768149
1038.504205
1090.664122
1092.747228
1093.171160
1111.544127
1113.196365
1118.918087
1127.886126
1153.892635
1170.700676
1188.692357
1214.546531
1215.228139
1226.736726
1244.800154
1255.156312
1257.372797
1264.795629
1276.693104
1291.924762
1324.052226
1324.505019
1325.708373
1341.010654
1359.719475
1370.768690
1383.801579
1410.534916
1425.673028
1426.538382
1448.194463
1456.606013
1459.345796
1480.722348
1492.899938
1512.070821
1534.492614
1535.520916
1541.172293
1577.702008
1587.668971
1590.371851
1610.832230
1611.259354
1612.674359
1633.400285
1647.999526
1655.173108
1676.627856
1686.732824
1705.463454
1709.133403
1733.612180
1738.218169
1745.805016
1747.434942
1759.016411
1763.692803
1768.813346
1789.501973
1792.688757
1810.197994
1823.242170
1851.745737
1857.435507
1858.122854
1882.717902
1900.871897
1904.650591
1909.396400
1910.896676
1934.450560
1935.215034
1950.923808
1951.578261
1993.398060
1997.717353
2003.046323
2005.894326
2052.888478
2059.128441
2063.887131
2066.034766
2069.597379
2091.737561
2107.405474
2108.491490
2115.765206
2129.179297
2151.882406
2168.899507
2181.617786
2215.071082
2227.584990
2248.943382
2251.502088
2275.331312
2289.164118
2316.516448
2327.940037
2332.749291
2335.533893
2340.248907
2351.483866
2359.659936
2375.377944
2383.120976
2402.569924
2423.582976
2423.654327
2427.872791
2431.415478
2444.566308
2446.300069
2480.365045
2504.706823
2505.379922
2523.343519
2528.202051
2541.869447
2550.642148
2553.596139
2566.404472
2579.206775
2604.111767
2609.302440
2627.618417
2635.314638
2635.759591
2678.681687
2681.926819
2685.689052
2713.598526
2728.775894
2735.759854
2753.233690
2756.469345
2762.092410
2789.659907
2796.871588
2820.614538
2822.901294
2843.684648
2850.906827
2857.504903
2900.738133
2902.558750
2912.380070
2952.323546
2961.563217
2967.940458
2969.445129
2973.810486
2982.517392
2988.676085
2998.017770
3001.650400
3022.605225
3028.904347
3035.348346
3038.072584
3053.105208
3057.266053
3090.107709
3096.060231
3124.989236
3132.717485
3136.257752
3154.875361
3166.968035
3191.023228
3221.744444
3222.863660
3231.044076
3238.386640
3265.035156
3278.870379
3285.911776
3298.903814
3306.868587
3330.548005
3340.705263
3341.316624
3348.034768
3374.890575
3375.456468
3383.539663
3389.257318
3395.408035
3418.059028
3457.266559
3464.553990
3485.030179
3503.603749
3527.379102
3540.990131
3543.639948
3550.400118
3593.965460
3595.152046
3605.104174
3611.804416
3616.684756
3632.999837
3658.963284
3661.908614
3681.048247
3691.928691
3704.889369
3720.027571
3760.332960
3768.254639
3768.971621
3781.564436
3791.549410
3794.804451
3814.518650
3842.051892
3850.699775
3873.497639
3883.928130
3893.930883
3896.706182
3917.602685
3947.581197
3949.814073
3951.805849
3951.976855
3961.505045
3972.059899
3982.438608
4004.194011
4004.845560
4013.053965
4018.170284
4030.768685
4060.390788
4084.960437
4090.332436
4107.118404
4140.964382
4149.370267
4167.933799
4183.536974
4209.190013
4210.660175
4221.817050
4227.360859
4231.636243
4282.928072
4293.352062
4307.120295
4330.870051
4336.250099
4364.967240
4378.604920
4379.054237
4381.789800
4404.660077
4425.318387
4434.888329
4479.991479
4480.863229
4482.218187
4490.653160
4502.872390
4526.878528
4533.279486
4535.906925
4549.441100
4576.631224
4596.457125
4605.108206
4625.714476
4632.811933
4651.009069
4673.683727
4676.239433
4679.554716
4701.222000
4705.552469
4719.839551
4722.871990
4732.533783
4733.363491
4752.726048
4759.976279
4776.125203
4799.855915
4809.827599
4823.471016
4835.837788
4845.171365
4855.390278
4876.418481
4902.485731
4910.988000
4912.603753
4935.966066
4936.348841
4958.454288
4959.407010
4963.056452
4966.252471
4999.999350
5006.568371
5009.390066
5017.445514
5064.031172
5067.280705
5076.166937
5100.467763
5110.923235
5134.049114
5135.418910
5158.069930
5176.840146
5187.064329
5212.015998
5213.657503
5235.006937
5243.129936
5258.001407
5275.205959
5280.139822
5285.216880
5316.259958
5322.405401
5351.929279
5364.927996
5370.335281
5392.509140
5398.697611
5419.367356
5425.590865
5453.316891
5463.461794
5469.265891
5480.915951
5515.069430
5522.692891
5528.004623
5528.354632
5530.388753
5538.969336
5576.360906
5583.253469
5587.119194
5604.020141
5637.857871
5654.515133
5663.169984
5685.110682
5721.515794
5721.941928
5732.278929
5743.565437
5765.896339
5777.970232
5787.038359
5789.332810
5819.871020
5821.460965
5834.505332
5857.282473
5865.439052
5878.020317
5895.748178
5941.651468
5944.960072
5950.781498
5965.107693
5987.075650
5992.542825
5994.936032
6001.078189
6005.792452
6044.025657
6060.241564
6066.946613
6076.627445
6083.326969
6093.871036
6100.424547
6121.861145
6135.834339
6156.477529
6166.012859
6178.687241
6182.667679
6212.065574
6212.142500
6238.002734
6255.762369
6270.341532
6287.770034
6299.263494
6313.047912
6328.339495
6346.728957
6360.289156
6369.266610
6400.796637
6407.201777
6412.032885
6417.917011
6422.486070
6454.313626
6462.628524
6487.687751
6494.037862
6498.199234
6521.212576
6522.892641
6529.813054
6570.486147
6581.235487
6586.302073
6586.310780
6620.202946
6631.780951
6634.209650
6639.357173
6654.128136
6692.629626
6697.093755
6698.187695
6699.174757
6730.098505
6747.448947
6773.062209
6774.197568
6782.405354
6797.408136
6801.856103
6814.501121
6840.868716
6855.794537
6855.951135
6862.564715
6869.860220
6897.392428
6903.446809
6920.408581
6930.496816
6950.380267
6953.452574
6996.732868
7004.959770
7006.033594
7064.276523
7065.859350
7082.531275
7104.604336
7105.178267
7112.291833
7128.785343
7131.242771
7157.204879
7158.426077
7166.831313
7174.666761
7181.146229
7213.068304
7217.124282
7236.130221
7257.062027
7259.868511
7263.719482
7269.107127
7279.727327
7287.704453
7295.165252
7302.273055
7329.446188
7338.516511
7356.229603
7378.066798
7383.868166
7401.455993
7405.623333
7438.368021
7448.845596
7469.711168
7477.524008
7493.225946
7494.750380
7500.266997
7515.998677
7517.056234
7541.783887
7550.555899
7554.332866
7555.382224
7563.761177
7602.301719
7606.600846
7613.701551
7657.609467
7661.990161
7662.607952
7672.583545
7676.323103
7687.114617
7717.546153
7719.426944
7748.686388
7773.232558
7774.620007
7798.088042
7824.558280
7829.388246
7829.767158
7872.471988
7886.703721
7890.234238
7899.991661
7939.193161
7945.215101
7953.974136
7976.206902
7983.404749
7996.448028
7999.041630
8008.380110
8009.545288
8026.440897
8035.126757
8045.635597
8051.002083
8106.118585
8106.362010
8110.399466
8152.277624
8173.108646
8185.528831
8199.764318
8207.964818
8214.315688
8228.695114
8254.785613
8261.803065
8272.760848
8282.963497
8301.619125
8305.785563
8322.641644
8340.438462
8356.125570
8382.033879
8396.111541
8405.161721
8408.806674
8417.042598
8421.599031
8428.193558
8448.519110
8450.987935
8452.981566
8471.818690
8493.087742
8508.875093
8509.972869
8533.184015
8543.511754
8556.560826
8577.308330
8585.966680
8594.207776
8608.954141
8611.434080
8644.323369
8655.167335
8667.494305
8678.474919
8680.402459
8684.471289
8708.184161
8710.687983
8711.328563
8715.817479
8744.481839
8747.321759
8761.895870
8766.751904
8800.362667
8823.368804
8826.467409
8839.214922
8843.657756
8877.138232
8884.491796
8885.160480
8892.555432
8912.681082
8918.065049
8931.988370
8932.742324
8943.686174
8947.261579
8967.010390
8986.623947
9020.267669
9022.910079
9033.735900
9043.541513
9047.546252
9056.631100
9080.604400
9097.241902
9099.965144
9102.776073
9127.045831
9143.012250
9161.382307
9179.363315
9182.187309
9184.437351
9198.783002
9234.610442
9243.227128
9243.488624
9265.765332
9266.228609
9266.583540
9289.881773
9290.427318
9313.589334
9321.111449
9339.470309
9344.087543
9366.466390
9381.874089
9388.138460
9390.522819
9425.602374
9431.638065
9445.913013
9448.686280
9471.696498
9475.020934
9478.687445
9493.441162
9494.348942
9498.078305
9553.819187
9554.270405
9554.958480
9586.559507
9615.642375
9620.457672
9629.131605
9637.968870
9670.817023
9686.279699
9705.049266
9725.045540
9726.703801
9742.225613
9764.113288
9774.269410
9774.378226
9776.268617
9780.462753
9820.202577
9823.041862
9836.277051
9845.938539
9851.534146
9853.888302
9860.965390
9896.458750
9908.451141
9922.170882
9951.479608
9965.060379
9977.488829
9981.605957
9997.985898
9998.277925
9999.663942
10007.847157
10038.855522
10042.089502
10050.844846
10053.905180
10058.728656
10074.275616
10097.191531
10114.406542
10148.316544
10150.134672
10165.388269
10166.606099
10168.039338
10172.854479
10175.372285
10195.350937
10208.535051
10219.011713
10221.732788
10242.197373
10246.333486
10276.177771
10283.458780
10294.395900
10310.413372
10331.427986
10342.070736
10353.550184
10356.994821
10362.887046
10367.085927
10392.070860
10423.397090
10430.670105
10446.415694
10489.612570
10491.191991
10507.653550
10525.180105
10548.863415
10568.668261
10592.605716
10607.596319
10624.039655
10659.644837
10666.291121
10667.027555
10684.938100
10689.188678
10692.966578
10702.484759
10724.102664
10745.153531
10747.169191
10757.537632
10760.725918
10792.058697
10800.187077
10813.373788
10823.140543
10835.330121
10842.921911
10845.717495
10856.040765
10888.558881
10901.884129
10916.795968
10922.433289
10957.972530
10962.790070
10968.252276
10973.912537
10997.659924
11001.893309
11010.428913
11035.075552
11057.448708
11074.417983
11090.998358
11118.242129
11134.205001
11137.658555
11147.336140
11157.478458
11178.453389
11203.380959
11215.720329
11238.659070
11238.937574
11258.918222
11261.474976
11283.563083
11286.440480
11300.490358
11306.284017
11326.122926
11328.943969
11361.385341
11369.660506
11372.326497
11393.753942
11405.297482
11407.590402
11428.149359
11436.558705
11451.725260
11453.845848
11474.977284
11480.075079
11498.211806
11514.461268
11515.420626
11526.825376
11533.491318
11555.859737
11558.383167
11562.495471
11589.099850
11609.530126
11613.666886
11614.964039
11637.269516
11656.775308
11679.401121
11713.126451
11717.633516
11719.146150
11736.021256
11736.233645
11741.809540
11759.574115
11778.720688
11782.194464
11786.704555
11803.150558
11808.452620
11825.152633
11833.894106
11857.945812
11858.604816
11881.115930
11914.906103
11928.258995
11932.703851
11932.833105
11955.636204
11965.830278
11974.652631
11981.712018
11988.884557
12009.178417
12024.612971
12032.529617
12049.994989
12086.645253
12091.587365
12091.720695
12104.935991
12148.113849
12149.924586
12150.636549
12151.437944
12188.980316
12208.837286
12212.193916
12213.453858
12214.696160
12232.291750
12248.262687
12248.883118
12255.624996
12266.522288
12268.231064
12269.614507
12292.214499
12314.724496
12321.601663
12326.756874
12337.869091
12350.413314
12360.411325
12361.064867
12361.237173
12377.549131
12383.604206
12413.215570
12416.186334
12424.388731
12442.409141
12458.545327
12465.552631
12483.589808
12485.620272
12488.488504
12510.935677
12514.060671
12527.742616
12532.550566
12533.962193
12536.173774
12557.413764
12581.197759
12582.855669
12593.110872
12595.875759
12604.298461
12627.169613
12638.534225
12639.603779
12658.634707
12672.692398
12685.414656
12686.450297
12715.134999
12744.688785
12746.588233
12748.824174
12749.659989
12759.229217
12768.126090
12801.135416
12801.493516
12835.610137
12844.881667
12844.925598
12855.364787
12868.546124
12910.420184
12912.565495
12929.999700
12944.640558
12952.022181
12968.179188
12968.768807
12971.467039
12997.189691
13003.047330
