44919
60138
60214
89941
120058
134935
179865
180120
224904
240061
269854
300029
314863
359794
360036
404713
419983
449696
480087
494581
539511
539854
584680
599961
629630
660076
674789
719583
719991
764549
780061
794440
809306
840246
854242
898983
900285
911863
944042
960191
989127
1020094
1033922
1078889
1080030
1123972
1139921
1168982
1173900
1199941
1205826
1213991
1258997
1260017
1304065
1320065
1349149
1380122
1394068
1416451
1439088
1440125
1484204
1500159
1529117
1560253
1574071
1619172
1620169
1664234
1680319
1686190
1709205
1740278
1754193
1799228
1800191
1844304
1860034
1889412
1920228
1934288
1979139
1980251
2024321
2040254
2069324
2100123
2114435
2159514
2160254
2171016
2204580
2219997
2249520
2279811
2294720
2339659
2339932
2384694
2399839
2429641
2459923
2474638
2519716
2519844
2544693
2564859
2579943
2609799
2639836
2640126
2654856
2699824
2699832
2744730
2759802
2789791
2819762
2830188
2834808
2879590
2879873
2924864
2939776
2969992
2999628
3014919
3059588
3059855
3104705
3119694
3149678
3179800
3194830
3239591
3239753
3284626
3293441
3299616
3315011
3329485
3348629
3359511
3374545
3419528
3419749
3464619
3479552
3509593
3539418
3554614
3599458
3599638
3644517
3659501
3689513
3719539
3734470
3779537
3779562
3824498
3839618
3869580
3899538
3914521
3959473
3959600
4003578
4004450
4019427
4049357
4079464
4094306
4107049
4139485
4139659
4184566
4199697
4229597
4259720
4274808
4319755
4320026
4364998
4378107
4379818
4410116
4439710
4455103
4499583
4500239
4545266
4559572
4590323
4619425
4635463
4679290
4680553
4709654
4725524
4739299
4770636
4799402
4815417
4858114
4859410
4860393
4905354
4919324
4950262
4979441
4995049
5039410
5039950
5084984
5099494
5108723
5129993
5146072
5159578
5175081
5219484
5220210
5265141
5279606
5310076
5339730
5355223
5399790
5400222
5445195
5459740
5490190
5519760
5535236
5579713
5580174
5619354
5625165
5639823
5662792
5670182
5699837
5715191
5759839
5760192
5805182
5819767
5849939
5879896
5895075
5939924
5940029
5985220
5999854
6030068
6059643
6075157
6119615
6120205
6165021
6179524
6210026
6239532
6255043
6299602
6299864
6345096
6359710
6390015
6419657
6435117
6479696
6479973
6525164
6539780
6570193
6599577
6615099
6617183
6659578
6660031
6705136
6719814
6750322
6779938
6795382
6839909
6840314
6885234
6899905
6930057
6959901
6975154
7019728
7020114
7064997
7079854
7109944
7139819
7154891
7199756
7199859
7244719
7259702
7289821
7319687
7334804
7379654
7379827
7424765
7439715
7469768
7499667
7514759
7559575
7559677
7604736
7606402
7619732
7649653
7679755
7694646
7739540
7739546
7784640
7799580
7829583
7859546
7874498
7911892
7919489
7919495
7964561
7979444
8009699
8039556
8054684
8099654
8099690
8144711
8159616
8189688
8219692
8234674
8279621
8279772
8324787
8339563
8369748
8399592
8414568
8459462
8459607
8493491
8504393
8519720
8549233
8579727
8594455
8639484
8639626
8684428
8699638
8729363
8759556
8774357
8819294
8819544
8864477
8879669
8909637
8939736
8954620
8999735
8999773
9044610
9059795
9089649
9119778
9134568
9179711
9179821
9224795
9236750
9239809
9269916
9274080
9300036
9314964
9359996
9360043
9404909
9419904
9433840
9449799
9479861
9494672
9532794
9539636
9539902
9584636
9599824
9629662
9640171
9659798
9674747
9719724
9719777
9764690
9779567
9809782
9839514
9854937
9899582
9899870
9944619
9944948
9959358
9989810
10019259
10032033
10034819
10079329
10079774
10124810
10139253
10169708
10199399
10214732
10259306
10259831
10304701
10319348
10349746
10379318
10394719
10439234
10439728
10484565
10499232
10518792
10529781
10559465
10574994
10619355
10619936
10664826
10679455
10709854
10739433
10754984
10799376
10800048
10845040
10859433
10889819
10919260
10934931
10979158
10979911
11024705
11039243
11069761
11099246
11114714
11159179
11159876
11204944
11219174
11250100
11279098
11295017
11339076
11339964
11373547
11384992
11398979
11429984
11458975
11475018
11518948
11519840
11564689
11578936
11609537
11638778
11654690
11698792
11699666
11742902
11744746
11758753
11789030
11789849
11818709
11834875
11878754
11879817
11924653
11938633
11969805
11998658
12014779
12058674
12059659
12104729
12116372
12118841
12149786
12156261
12178722
12194770
12238704
12239632
12284697
12298748
12329620
12358785
12374535
12418676
12419583
12464908
12472156
12478669
12509906
12538514
12554938
12598467
12599959
12618948
12644810
12658473
12689942
12718610
12734946
12778709
12779953
12824849
12838755
12869662
12898843
12914450
12958790
12959613
13004813
13018736
13049755
13078567
13094631
13138590
13139596
13184447
13198630
13220457
13229498
13258454
13274647
13318669
13319568
13364626
13378816
13409464
13439005
13454590
13499188
13499660
13544748
13559266
13589741
13619230
13634707
13679403
13679591
13690425
13724681
13739345
13769661
13799525
13814765
13816214
13859592
13859844
13904918
13919490
13949828
13979612
13994827
14039466
14039709
14084731
14099528
14129676
14159422
14163577
14165518
14174568
14219300
14219507
14235759
14264477
14279380
14309210
14339280
14354224
14399036
14399392
14417099
14444000
14459552
14488963
14519644
14534020
14579159
14579652
14624137
14639535
14669076
14699419
14714138
14759139
14759431
14804246
14819484
14849278
14879593
14894505
14939646
14939696
14984622
14999725
15029682
15059802
15074776
15082156
15119710
15119830
15164976
15179772
15205132
15209790
15239801
15254921
15299880
15299964
15344933
15359985
15389829
15420044
15434920
15470616
15479961
15480157
15524889
15540187
15569981
15600243
15615111
15660127
15660463
15705102
15720445
15750066
15780537
15795104
15840036
15840336
15885095
15894695
15900476
15930032
15960570
15975094
16020063
16020653
16065093
16080706
16110144
16140652
16155079
16200139
16200623
16210536
16245313
16260709
16290231
16320648
16335118
16380045
16380763
16425083
16440824
16470046
16500911
16515134
16560182
16561088
16605211
16609350
16621196
16650313
16679871
16681268
16695360
16740261
16741413
16785133
16801118
16830193
16861081
16875112
16911714
16920267
16921108
16965313
16981170
17010430
17041376
17055511
17100508
17101406
17104197
17145530
17161600
17190552
17221599
17235562
17280698
17281451
17325777
17341566
17370814
17401662
17415823
17460929
17461453
17505718
17521533
17550706
17581551
17595788
17628675
17641026
17641653
17685937
17701678
17730828
17761566
17775802
17820917
17821637
17865919
17881884
17910871
17941659
17955824
18000860
18001815
18046060
18061801
18090984
18110969
18121796
18135819
18138517
18180838
18181924
18183291
18225831
18241949
18270887
18301731
18315904
18360850
18361919
18405901
18421896
18450905
18481884
18495773
18540858
18541885
18585800
18601837
18624445
18630742
18661915
18675682
18693181
18720500
18721957
18765728
18781918
18810784
18841782
18855776
18900777
18901748
18945750
18961702
18990570
19021721
19035610
19080725
19081626
19125680
19141596
19170619
19201673
19215578
19260513
19261511
19305607
19321399
19350665
19381319
19395710
19429571
19440794
19441263
19485720
19501340
19530721
19561496
19575647
19620673
19621644
19665666
19681768
19710645
19727462
19741675
19755528
19800540
19801689
19845485
19861643
19890508
19892164
19921550
19935640
19980692
19981685
20025779
20041655
20070798
20101787
20115798
20145292
20160670
20161720
20205526
20221875
20250626
20281790
20295511
20340365
20341684
20385316
20401695
20430434
20461634
20475449
20520312
20521626
20565354
20581575
20610266
20641514
20655309
20700422
20701437
20745352
20761663
20790410
20821651
20835322
20880418
20881624
20925324
20941538
20970419
21001507
21015554
21060540
21061529
21105559
21118878
21121564
21121682
21150555
21181712
21195628
21240773
21241695
21285974
21301678
21331130
21361492
21376309
21421273
21421447
21466166
21481450
21511127
21541333
21556140
21598795
21600962
21601220
21646035
21654662
21661307
21691018
21721209
21735921
21757634
21780846
21781230
21799743
21825902
21841225
21870872
21901219
21915858
21960832
21961261
22005657
22021327
22045830
22050579
22081353
22095747
22106816
22140879
22141245
22185681
22189316
22201237
22230679
22261145
22275861
22320739
22321144
22365782
22381154
22384795
22410776
22441087
22455719
22500778
22501079
22545776
22561098
22590626
22621128
22628795
22635517
22680400
22681118
22725397
22740931
22770489
22787442
22800771
22815596
22860573
22860760
22905472
22920689
22950679
22980555
22995864
23040617
23040922
23086004
23100640
23131101
23160592
23176158
23220579
23221126
23266194
23280598
23293256
23311333
23340659
23356254
23400525
23401164
23445988
23460715
23491003
23520535
23536140
23580412
23581259
23626125
23634057
